Estimates Period/Période du budget des dépenses,Organization,Organisation,Vote/Crédit,Description,period,amount
R1A,Administrative Tribunals Support Service of Canada,Service canadien dappui aux tribunaux administratifs,1,Program expenditures,2020-21 Expenditures,58202056
R1A,Administrative Tribunals Support Service of Canada,Service canadien dappui aux tribunaux administratifs,1,Program expenditures,2021-22 Main Estimates,63306778
R1A,Administrative Tribunals Support Service of Canada,Service canadien dappui aux tribunaux administratifs,1,Program expenditures,2021-22 Estimates To Date,63306778
R1A,Administrative Tribunals Support Service of Canada,Service canadien dappui aux tribunaux administratifs,1,Program expenditures,2022-23 Main Estimates,61056221
R1A,Administrative Tribunals Support Service of Canada,Service canadien dappui aux tribunaux administratifs,S,Contributions to employee benefit plans,2020-21 Expenditures,9947533
R1A,Administrative Tribunals Support Service of Canada,Service canadien dappui aux tribunaux administratifs,S,Contributions to employee benefit plans,2021-22 Main Estimates,11274095
R1A,Administrative Tribunals Support Service of Canada,Service canadien dappui aux tribunaux administratifs,S,Contributions to employee benefit plans,2021-22 Estimates To Date,11274095
R1A,Administrative Tribunals Support Service of Canada,Service canadien dappui aux tribunaux administratifs,S,Contributions to employee benefit plans,2022-23 Main Estimates,11321369
R1A,Atlantic Canada Opportunities Agency,Agence de promotion économique du Canada atlantique,1,Operating expenditures,2020-21 Expenditures,69790224
R1A,Atlantic Canada Opportunities Agency,Agence de promotion économique du Canada atlantique,1,Operating expenditures,2021-22 Main Estimates,70111122
R1A,Atlantic Canada Opportunities Agency,Agence de promotion économique du Canada atlantique,1,Operating expenditures,2021-22 Estimates To Date,70111122
R1A,Atlantic Canada Opportunities Agency,Agence de promotion économique du Canada atlantique,1,Operating expenditures,2022-23 Main Estimates,70011300
R1A,Atlantic Canada Opportunities Agency,Agence de promotion économique du Canada atlantique,5,Grants and contributions,2020-21 Expenditures,441945575
R1A,Atlantic Canada Opportunities Agency,Agence de promotion économique du Canada atlantique,5,Grants and contributions,2021-22 Main Estimates,268439605
R1A,Atlantic Canada Opportunities Agency,Agence de promotion économique du Canada atlantique,5,Grants and contributions,2021-22 Estimates To Date,268439605
R1A,Atlantic Canada Opportunities Agency,Agence de promotion économique du Canada atlantique,5,Grants and contributions,2022-23 Main Estimates,357461284
R1A,Atlantic Canada Opportunities Agency,Agence de promotion économique du Canada atlantique,S,Contributions to employee benefit plans,2020-21 Expenditures,9056403
R1A,Atlantic Canada Opportunities Agency,Agence de promotion économique du Canada atlantique,S,Contributions to employee benefit plans,2021-22 Main Estimates,8286337
R1A,Atlantic Canada Opportunities Agency,Agence de promotion économique du Canada atlantique,S,Contributions to employee benefit plans,2021-22 Estimates To Date,8286337
R1A,Atlantic Canada Opportunities Agency,Agence de promotion économique du Canada atlantique,S,Contributions to employee benefit plans,2022-23 Main Estimates,9029061
R1A,Atlantic Canada Opportunities Agency,Agence de promotion économique du Canada atlantique,S,Other Statutory items listed in the Public Accounts of Canada,2020-21 Expenditures,549
R1A,Atlantic Canada Opportunities Agency,Agence de promotion économique du Canada atlantique,S,Other Statutory items listed in the Public Accounts of Canada,2021-22 Main Estimates,0
R1A,Atlantic Canada Opportunities Agency,Agence de promotion économique du Canada atlantique,S,Other Statutory items listed in the Public Accounts of Canada,2021-22 Estimates To Date,0
R1A,Atlantic Canada Opportunities Agency,Agence de promotion économique du Canada atlantique,S,Other Statutory items listed in the Public Accounts of Canada,2022-23 Main Estimates,0
R1A,Atlantic Canada Opportunities Agency,Agence de promotion économique du Canada atlantique,S,Payments to the Canadian Seafood Stabilization Fund pursuant to the  Public Health Events of National Concern Payments Act,2020-21 Expenditures,14252865
R1A,Atlantic Canada Opportunities Agency,Agence de promotion économique du Canada atlantique,S,Payments to the Canadian Seafood Stabilization Fund pursuant to the  Public Health Events of National Concern Payments Act,2021-22 Main Estimates,0
R1A,Atlantic Canada Opportunities Agency,Agence de promotion économique du Canada atlantique,S,Payments to the Canadian Seafood Stabilization Fund pursuant to the  Public Health Events of National Concern Payments Act,2021-22 Estimates To Date,0
R1A,Atlantic Canada Opportunities Agency,Agence de promotion économique du Canada atlantique,S,Payments to the Canadian Seafood Stabilization Fund pursuant to the  Public Health Events of National Concern Payments Act,2022-23 Main Estimates,0
R1A,Atlantic Canada Opportunities Agency,Agence de promotion économique du Canada atlantique,S,Payments for the Community Futures Network pursuant to the  Public Health Events of National Concern Payments Act,2020-21 Expenditures,9000000
R1A,Atlantic Canada Opportunities Agency,Agence de promotion économique du Canada atlantique,S,Payments for the Community Futures Network pursuant to the  Public Health Events of National Concern Payments Act,2021-22 Main Estimates,0
R1A,Atlantic Canada Opportunities Agency,Agence de promotion économique du Canada atlantique,S,Payments for the Community Futures Network pursuant to the  Public Health Events of National Concern Payments Act,2021-22 Estimates To Date,0
R1A,Atlantic Canada Opportunities Agency,Agence de promotion économique du Canada atlantique,S,Payments for the Community Futures Network pursuant to the  Public Health Events of National Concern Payments Act,2022-23 Main Estimates,0
R1A,Atlantic Canada Opportunities Agency,Agence de promotion économique du Canada atlantique,S,"Payments to provide financing support to small and medium-sized businesses pursuant to the  Economic Statement Implementation Act, 2020",2020-21 Expenditures,31000000
R1A,Atlantic Canada Opportunities Agency,Agence de promotion économique du Canada atlantique,S,"Payments to provide financing support to small and medium-sized businesses pursuant to the  Economic Statement Implementation Act, 2020",2021-22 Main Estimates,0
R1A,Atlantic Canada Opportunities Agency,Agence de promotion économique du Canada atlantique,S,"Payments to provide financing support to small and medium-sized businesses pursuant to the  Economic Statement Implementation Act, 2020",2021-22 Estimates To Date,0
R1A,Atlantic Canada Opportunities Agency,Agence de promotion économique du Canada atlantique,S,"Payments to provide financing support to small and medium-sized businesses pursuant to the  Economic Statement Implementation Act, 2020",2022-23 Main Estimates,0
R1A,Atlantic Canada Opportunities Agency,Agence de promotion économique du Canada atlantique,S,Minister of State (Minister of Official Languages and Minister  responsible for the Atlantic Canada Opportunities Agency)  Motor car allowance ( Parliament of Canada Act ),2020-21 Expenditures,0
R1A,Atlantic Canada Opportunities Agency,Agence de promotion économique du Canada atlantique,S,Minister of State (Minister of Official Languages and Minister  responsible for the Atlantic Canada Opportunities Agency)  Motor car allowance ( Parliament of Canada Act ),2021-22 Main Estimates,0
R1A,Atlantic Canada Opportunities Agency,Agence de promotion économique du Canada atlantique,S,Minister of State (Minister of Official Languages and Minister  responsible for the Atlantic Canada Opportunities Agency)  Motor car allowance ( Parliament of Canada Act ),2021-22 Estimates To Date,0
R1A,Atlantic Canada Opportunities Agency,Agence de promotion économique du Canada atlantique,S,Minister of State (Minister of Official Languages and Minister  responsible for the Atlantic Canada Opportunities Agency)  Motor car allowance ( Parliament of Canada Act ),2022-23 Main Estimates,2000
R1A,Atomic Energy of Canada Limited,Énergie atomique du Canada limitée,1,Payments to the corporation for operating and capital expenditures,2020-21 Expenditures,935540678
R1A,Atomic Energy of Canada Limited,Énergie atomique du Canada limitée,1,Payments to the corporation for operating and capital expenditures,2021-22 Main Estimates,1188799417
R1A,Atomic Energy of Canada Limited,Énergie atomique du Canada limitée,1,Payments to the corporation for operating and capital expenditures,2021-22 Estimates To Date,1188799417
R1A,Atomic Energy of Canada Limited,Énergie atomique du Canada limitée,1,Payments to the corporation for operating and capital expenditures,2022-23 Main Estimates,1174652615
R1A,Atomic Energy of Canada Limited,Énergie atomique du Canada limitée,S,"Pursuant to section 2146 of the  Jobs and Economic Growth Act , for  the divestiture of Atomic Energy of Canada Limiteds CANDU Reactor Division",2020-21 Expenditures,5200000
R1A,Atomic Energy of Canada Limited,Énergie atomique du Canada limitée,S,"Pursuant to section 2146 of the  Jobs and Economic Growth Act , for  the divestiture of Atomic Energy of Canada Limiteds CANDU Reactor Division",2021-22 Main Estimates,0
R1A,Atomic Energy of Canada Limited,Énergie atomique du Canada limitée,S,"Pursuant to section 2146 of the  Jobs and Economic Growth Act , for  the divestiture of Atomic Energy of Canada Limiteds CANDU Reactor Division",2021-22 Estimates To Date,0
R1A,Atomic Energy of Canada Limited,Énergie atomique du Canada limitée,S,"Pursuant to section 2146 of the  Jobs and Economic Growth Act , for  the divestiture of Atomic Energy of Canada Limiteds CANDU Reactor Division",2022-23 Main Estimates,0
R1A,Canada Border Services Agency,Agence des services frontaliers du Canada,1,Operating expenditures,2020-21 Expenditures,1810515397
R1A,Canada Border Services Agency,Agence des services frontaliers du Canada,1,Operating expenditures,2021-22 Main Estimates,1752432513
R1A,Canada Border Services Agency,Agence des services frontaliers du Canada,1,Operating expenditures,2021-22 Estimates To Date,1752432513
R1A,Canada Border Services Agency,Agence des services frontaliers du Canada,1,Operating expenditures,2022-23 Main Estimates,1958648984
R1A,Canada Border Services Agency,Agence des services frontaliers du Canada,5,Capital expenditures,2020-21 Expenditures,151711192
R1A,Canada Border Services Agency,Agence des services frontaliers du Canada,5,Capital expenditures,2021-22 Main Estimates,106457799
R1A,Canada Border Services Agency,Agence des services frontaliers du Canada,5,Capital expenditures,2021-22 Estimates To Date,106457799
R1A,Canada Border Services Agency,Agence des services frontaliers du Canada,5,Capital expenditures,2022-23 Main Estimates,173061244
R1A,Canada Border Services Agency,Agence des services frontaliers du Canada,S,Contributions to employee benefit plans,2020-21 Expenditures,204960084
R1A,Canada Border Services Agency,Agence des services frontaliers du Canada,S,Contributions to employee benefit plans,2021-22 Main Estimates,190586229
R1A,Canada Border Services Agency,Agence des services frontaliers du Canada,S,Contributions to employee benefit plans,2021-22 Estimates To Date,190586229
R1A,Canada Border Services Agency,Agence des services frontaliers du Canada,S,Contributions to employee benefit plans,2022-23 Main Estimates,212375680
R1A,Canada Border Services Agency,Agence des services frontaliers du Canada,S,Other Statutory items listed in the Public Accounts of Canada,2020-21 Expenditures,251175
R1A,Canada Border Services Agency,Agence des services frontaliers du Canada,S,Other Statutory items listed in the Public Accounts of Canada,2021-22 Main Estimates,0
R1A,Canada Border Services Agency,Agence des services frontaliers du Canada,S,Other Statutory items listed in the Public Accounts of Canada,2021-22 Estimates To Date,0
R1A,Canada Border Services Agency,Agence des services frontaliers du Canada,S,Other Statutory items listed in the Public Accounts of Canada,2022-23 Main Estimates,0
R1A,Canada Council for the Arts,Conseil des Arts du Canada,1,Payments to the Council,2020-21 Expenditures,365831145
R1A,Canada Council for the Arts,Conseil des Arts du Canada,1,Payments to the Council,2021-22 Main Estimates,364062080
R1A,Canada Council for the Arts,Conseil des Arts du Canada,1,Payments to the Council,2021-22 Estimates To Date,364062080
R1A,Canada Council for the Arts,Conseil des Arts du Canada,1,Payments to the Council,2022-23 Main Estimates,414189080
R1A,Canada Council for the Arts,Conseil des Arts du Canada,S,"Payments to establish a COVID-19 Emergency Support Fund for Cultural, Heritage and Sport Organizations pursuant to the  Public Health Events  of National Concern Payments Act",2020-21 Expenditures,62800000
R1A,Canada Council for the Arts,Conseil des Arts du Canada,S,"Payments to establish a COVID-19 Emergency Support Fund for Cultural, Heritage and Sport Organizations pursuant to the  Public Health Events  of National Concern Payments Act",2021-22 Main Estimates,0
R1A,Canada Council for the Arts,Conseil des Arts du Canada,S,"Payments to establish a COVID-19 Emergency Support Fund for Cultural, Heritage and Sport Organizations pursuant to the  Public Health Events  of National Concern Payments Act",2021-22 Estimates To Date,0
R1A,Canada Council for the Arts,Conseil des Arts du Canada,S,"Payments to establish a COVID-19 Emergency Support Fund for Cultural, Heritage and Sport Organizations pursuant to the  Public Health Events  of National Concern Payments Act",2022-23 Main Estimates,0
R1A,Canada Mortgage and Housing Corporation,Société canadienne dhypothèques et de logement,1,Reimbursement under the provisions of the  National Housing Act  and the  Canada Mortgage and Housing Corporation Act,2020-21 Expenditures,2876263646
R1A,Canada Mortgage and Housing Corporation,Société canadienne dhypothèques et de logement,1,Reimbursement under the provisions of the  National Housing Act  and the  Canada Mortgage and Housing Corporation Act,2021-22 Main Estimates,3259488472
R1A,Canada Mortgage and Housing Corporation,Société canadienne dhypothèques et de logement,1,Reimbursement under the provisions of the  National Housing Act  and the  Canada Mortgage and Housing Corporation Act,2021-22 Estimates To Date,3259488472
R1A,Canada Mortgage and Housing Corporation,Société canadienne dhypothèques et de logement,1,Reimbursement under the provisions of the  National Housing Act  and the  Canada Mortgage and Housing Corporation Act,2022-23 Main Estimates,3548649641
R1A,Canada Mortgage and Housing Corporation,Société canadienne dhypothèques et de logement,S,"Advances under the  National Housing Act  (R.S.C., 1985, c. N-11)",2020-21 Expenditures,-170911067
R1A,Canada Mortgage and Housing Corporation,Société canadienne dhypothèques et de logement,S,"Advances under the  National Housing Act  (R.S.C., 1985, c. N-11)",2021-22 Main Estimates,3209467541
R1A,Canada Mortgage and Housing Corporation,Société canadienne dhypothèques et de logement,S,"Advances under the  National Housing Act  (R.S.C., 1985, c. N-11)",2021-22 Estimates To Date,3209467541
R1A,Canada Mortgage and Housing Corporation,Société canadienne dhypothèques et de logement,S,"Advances under the  National Housing Act  (R.S.C., 1985, c. N-11)",2022-23 Main Estimates,-164412879
R1A,Canada Post Corporation,Société canadienne des postes,1,Payments to the Corporation for special purposes,2020-21 Expenditures,22209960
R1A,Canada Post Corporation,Société canadienne des postes,1,Payments to the Corporation for special purposes,2021-22 Main Estimates,22210000
R1A,Canada Post Corporation,Société canadienne des postes,1,Payments to the Corporation for special purposes,2021-22 Estimates To Date,22210000
R1A,Canada Post Corporation,Société canadienne des postes,1,Payments to the Corporation for special purposes,2022-23 Main Estimates,22210000
R1A,Canada Revenue Agency,Agence du revenu du Canada,1,"Operating expenditures, grants and contributions",2020-21 Expenditures,3904606162
R1A,Canada Revenue Agency,Agence du revenu du Canada,1,"Operating expenditures, grants and contributions",2021-22 Main Estimates,3674646582
R1A,Canada Revenue Agency,Agence du revenu du Canada,1,"Operating expenditures, grants and contributions",2021-22 Estimates To Date,3674646582
R1A,Canada Revenue Agency,Agence du revenu du Canada,1,"Operating expenditures, grants and contributions",2022-23 Main Estimates,4054307311
R1A,Canada Revenue Agency,Agence du revenu du Canada,5,Capital expenditures,2020-21 Expenditures,76464375
R1A,Canada Revenue Agency,Agence du revenu du Canada,5,Capital expenditures,2021-22 Main Estimates,72928583
R1A,Canada Revenue Agency,Agence du revenu du Canada,5,Capital expenditures,2021-22 Estimates To Date,72928583
R1A,Canada Revenue Agency,Agence du revenu du Canada,5,Capital expenditures,2022-23 Main Estimates,65471318
R1A,Canada Revenue Agency,Agence du revenu du Canada,S,Contributions to employee benefit plans,2020-21 Expenditures,585801011
R1A,Canada Revenue Agency,Agence du revenu du Canada,S,Contributions to employee benefit plans,2021-22 Main Estimates,484808699
R1A,Canada Revenue Agency,Agence du revenu du Canada,S,Contributions to employee benefit plans,2021-22 Estimates To Date,484808699
R1A,Canada Revenue Agency,Agence du revenu du Canada,S,Contributions to employee benefit plans,2022-23 Main Estimates,531985398
R1A,Canada Revenue Agency,Agence du revenu du Canada,S,Minister of National Revenue  Salary and motor car allowance ( Salaries Act  and  Parliament of Canada Act ),2020-21 Expenditures,89200
R1A,Canada Revenue Agency,Agence du revenu du Canada,S,Minister of National Revenue  Salary and motor car allowance ( Salaries Act  and  Parliament of Canada Act ),2021-22 Main Estimates,90500
R1A,Canada Revenue Agency,Agence du revenu du Canada,S,Minister of National Revenue  Salary and motor car allowance ( Salaries Act  and  Parliament of Canada Act ),2021-22 Estimates To Date,90500
R1A,Canada Revenue Agency,Agence du revenu du Canada,S,Minister of National Revenue  Salary and motor car allowance ( Salaries Act  and  Parliament of Canada Act ),2022-23 Main Estimates,92500
R1A,Canada Revenue Agency,Agence du revenu du Canada,S,Spending of revenues received through the conduct of its operations pursuant to section 60 of the  Canada Revenue Agency Act,2020-21 Expenditures,348161271
R1A,Canada Revenue Agency,Agence du revenu du Canada,S,Spending of revenues received through the conduct of its operations pursuant to section 60 of the  Canada Revenue Agency Act,2021-22 Main Estimates,279322693
R1A,Canada Revenue Agency,Agence du revenu du Canada,S,Spending of revenues received through the conduct of its operations pursuant to section 60 of the  Canada Revenue Agency Act,2021-22 Estimates To Date,279322693
R1A,Canada Revenue Agency,Agence du revenu du Canada,S,Spending of revenues received through the conduct of its operations pursuant to section 60 of the  Canada Revenue Agency Act,2022-23 Main Estimates,384998324
R1A,Canada Revenue Agency,Agence du revenu du Canada,S,Other Statutory items listed in the Public Accounts of Canada,2020-21 Expenditures,4486774
R1A,Canada Revenue Agency,Agence du revenu du Canada,S,Other Statutory items listed in the Public Accounts of Canada,2021-22 Main Estimates,0
R1A,Canada Revenue Agency,Agence du revenu du Canada,S,Other Statutory items listed in the Public Accounts of Canada,2021-22 Estimates To Date,0
R1A,Canada Revenue Agency,Agence du revenu du Canada,S,Other Statutory items listed in the Public Accounts of Canada,2022-23 Main Estimates,0
R1A,Canada Revenue Agency,Agence du revenu du Canada,S,Payments to ensure access to Canada Revenue Agency call centres pursuant to the  Public Health Events of National Concern Payments Act,2020-21 Expenditures,82818917
R1A,Canada Revenue Agency,Agence du revenu du Canada,S,Payments to ensure access to Canada Revenue Agency call centres pursuant to the  Public Health Events of National Concern Payments Act,2021-22 Main Estimates,0
R1A,Canada Revenue Agency,Agence du revenu du Canada,S,Payments to ensure access to Canada Revenue Agency call centres pursuant to the  Public Health Events of National Concern Payments Act,2021-22 Estimates To Date,0
R1A,Canada Revenue Agency,Agence du revenu du Canada,S,Payments to ensure access to Canada Revenue Agency call centres pursuant to the  Public Health Events of National Concern Payments Act,2022-23 Main Estimates,0
R1A,Canada Revenue Agency,Agence du revenu du Canada,S,Payments to support COVID-19 economic measures pursuant to the  Public Health Events of National Concern Payments Act,2020-21 Expenditures,34323139
R1A,Canada Revenue Agency,Agence du revenu du Canada,S,Payments to support COVID-19 economic measures pursuant to the  Public Health Events of National Concern Payments Act,2021-22 Main Estimates,0
R1A,Canada Revenue Agency,Agence du revenu du Canada,S,Payments to support COVID-19 economic measures pursuant to the  Public Health Events of National Concern Payments Act,2021-22 Estimates To Date,0
R1A,Canada Revenue Agency,Agence du revenu du Canada,S,Payments to support COVID-19 economic measures pursuant to the  Public Health Events of National Concern Payments Act,2022-23 Main Estimates,0
R1A,Canada Revenue Agency,Agence du revenu du Canada,S,Children's Special Allowance payments ( Children's Special Allowance Act ),2020-21 Expenditures,381821812
R1A,Canada Revenue Agency,Agence du revenu du Canada,S,Children's Special Allowance payments ( Children's Special Allowance Act ),2021-22 Main Estimates,373000000
R1A,Canada Revenue Agency,Agence du revenu du Canada,S,Children's Special Allowance payments ( Children's Special Allowance Act ),2021-22 Estimates To Date,373000000
R1A,Canada Revenue Agency,Agence du revenu du Canada,S,Children's Special Allowance payments ( Children's Special Allowance Act ),2022-23 Main Estimates,365000000
R1A,Canada Revenue Agency,Agence du revenu du Canada,S,Distribution of fuel charge (Climate Action Incentive Payment) under   section 165 of the  Greenhouse Gas Pollution Pricing Act,2020-21 Expenditures,4546974222
R1A,Canada Revenue Agency,Agence du revenu du Canada,S,Distribution of fuel charge (Climate Action Incentive Payment) under   section 165 of the  Greenhouse Gas Pollution Pricing Act,2021-22 Main Estimates,5856000000
R1A,Canada Revenue Agency,Agence du revenu du Canada,S,Distribution of fuel charge (Climate Action Incentive Payment) under   section 165 of the  Greenhouse Gas Pollution Pricing Act,2021-22 Estimates To Date,5856000000
R1A,Canada Revenue Agency,Agence du revenu du Canada,S,Distribution of fuel charge (Climate Action Incentive Payment) under   section 165 of the  Greenhouse Gas Pollution Pricing Act,2022-23 Main Estimates,7088000000
R1A,Canada Revenue Agency,Agence du revenu du Canada,S,Distribution of fuel and excess emission charges (to provinces and territories) under sections 165 and 188 of the  Greenhouse Gas  Pollution Pricing Act,2020-21 Expenditures,18451056
R1A,Canada Revenue Agency,Agence du revenu du Canada,S,Distribution of fuel and excess emission charges (to provinces and territories) under sections 165 and 188 of the  Greenhouse Gas  Pollution Pricing Act,2021-22 Main Estimates,25000000
R1A,Canada Revenue Agency,Agence du revenu du Canada,S,Distribution of fuel and excess emission charges (to provinces and territories) under sections 165 and 188 of the  Greenhouse Gas  Pollution Pricing Act,2021-22 Estimates To Date,25000000
R1A,Canada Revenue Agency,Agence du revenu du Canada,S,Distribution of fuel and excess emission charges (to provinces and territories) under sections 165 and 188 of the  Greenhouse Gas  Pollution Pricing Act,2022-23 Main Estimates,19000000
R1A,Canada School of Public Service,École de la fonction publique du Canada,1,Program expenditures,2020-21 Expenditures,68095613
R1A,Canada School of Public Service,École de la fonction publique du Canada,1,Program expenditures,2021-22 Main Estimates,63006675
R1A,Canada School of Public Service,École de la fonction publique du Canada,1,Program expenditures,2021-22 Estimates To Date,63006675
R1A,Canada School of Public Service,École de la fonction publique du Canada,1,Program expenditures,2022-23 Main Estimates,62991464
R1A,Canada School of Public Service,École de la fonction publique du Canada,S,Other Statutory items listed in the Public Accounts of Canada,2020-21 Expenditures,449
R1A,Canada School of Public Service,École de la fonction publique du Canada,S,Other Statutory items listed in the Public Accounts of Canada,2021-22 Main Estimates,0
R1A,Canada School of Public Service,École de la fonction publique du Canada,S,Other Statutory items listed in the Public Accounts of Canada,2021-22 Estimates To Date,0
R1A,Canada School of Public Service,École de la fonction publique du Canada,S,Other Statutory items listed in the Public Accounts of Canada,2022-23 Main Estimates,0
R1A,Canada School of Public Service,École de la fonction publique du Canada,S,Spending of revenues pursuant to subsection 18(2) of the  Canada School of Public Service Act,2020-21 Expenditures,4911342
R1A,Canada School of Public Service,École de la fonction publique du Canada,S,Spending of revenues pursuant to subsection 18(2) of the  Canada School of Public Service Act,2021-22 Main Estimates,6723332
R1A,Canada School of Public Service,École de la fonction publique du Canada,S,Spending of revenues pursuant to subsection 18(2) of the  Canada School of Public Service Act,2021-22 Estimates To Date,6723332
R1A,Canada School of Public Service,École de la fonction publique du Canada,S,Spending of revenues pursuant to subsection 18(2) of the  Canada School of Public Service Act,2022-23 Main Estimates,6723332
R1A,Canada School of Public Service,École de la fonction publique du Canada,S,Contributions to employee benefit plans,2020-21 Expenditures,9275429
R1A,Canada School of Public Service,École de la fonction publique du Canada,S,Contributions to employee benefit plans,2021-22 Main Estimates,8824551
R1A,Canada School of Public Service,École de la fonction publique du Canada,S,Contributions to employee benefit plans,2021-22 Estimates To Date,8824551
R1A,Canada School of Public Service,École de la fonction publique du Canada,S,Contributions to employee benefit plans,2022-23 Main Estimates,8997635
R1A,Canadian Accessibility Standards Development Organization,Organisation canadienne délaboration de normes daccessibilité,1,Operating expenditures,2020-21 Expenditures,8867425
R1A,Canadian Accessibility Standards Development Organization,Organisation canadienne délaboration de normes daccessibilité,1,Operating expenditures,2021-22 Main Estimates,10736821
R1A,Canadian Accessibility Standards Development Organization,Organisation canadienne délaboration de normes daccessibilité,1,Operating expenditures,2021-22 Estimates To Date,10736821
R1A,Canadian Accessibility Standards Development Organization,Organisation canadienne délaboration de normes daccessibilité,1,Operating expenditures,2022-23 Main Estimates,11537567
R1A,Canadian Accessibility Standards Development Organization,Organisation canadienne délaboration de normes daccessibilité,5,Grants and contributions,2020-21 Expenditures,5237602
R1A,Canadian Accessibility Standards Development Organization,Organisation canadienne délaboration de normes daccessibilité,5,Grants and contributions,2021-22 Main Estimates,8500000
R1A,Canadian Accessibility Standards Development Organization,Organisation canadienne délaboration de normes daccessibilité,5,Grants and contributions,2021-22 Estimates To Date,8500000
R1A,Canadian Accessibility Standards Development Organization,Organisation canadienne délaboration de normes daccessibilité,5,Grants and contributions,2022-23 Main Estimates,8500000
R1A,Canadian Accessibility Standards Development Organization,Organisation canadienne délaboration de normes daccessibilité,S,Contributions to employee benefit plans,2020-21 Expenditures,499112
R1A,Canadian Accessibility Standards Development Organization,Organisation canadienne délaboration de normes daccessibilité,S,Contributions to employee benefit plans,2021-22 Main Estimates,828736
R1A,Canadian Accessibility Standards Development Organization,Organisation canadienne délaboration de normes daccessibilité,S,Contributions to employee benefit plans,2021-22 Estimates To Date,828736
R1A,Canadian Accessibility Standards Development Organization,Organisation canadienne délaboration de normes daccessibilité,S,Contributions to employee benefit plans,2022-23 Main Estimates,839879
R1A,Canadian Air Transport Security Authority,Administration canadienne de la sûreté du transport aérien,1,Payments to the Authority for operating and capital expenditures,2020-21 Expenditures,686325308
R1A,Canadian Air Transport Security Authority,Administration canadienne de la sûreté du transport aérien,1,Payments to the Authority for operating and capital expenditures,2021-22 Main Estimates,567828793
R1A,Canadian Air Transport Security Authority,Administration canadienne de la sûreté du transport aérien,1,Payments to the Authority for operating and capital expenditures,2021-22 Estimates To Date,567828793
R1A,Canadian Air Transport Security Authority,Administration canadienne de la sûreté du transport aérien,1,Payments to the Authority for operating and capital expenditures,2022-23 Main Estimates,567485819
R1A,Canadian Broadcasting Corporation,Société Radio-Canada,1,Payments to the Corporation for operating expenditures,2020-21 Expenditures,1291402479
R1A,Canadian Broadcasting Corporation,Société Radio-Canada,1,Payments to the Corporation for operating expenditures,2021-22 Main Estimates,1118694241
R1A,Canadian Broadcasting Corporation,Société Radio-Canada,1,Payments to the Corporation for operating expenditures,2021-22 Estimates To Date,1118694241
R1A,Canadian Broadcasting Corporation,Société Radio-Canada,1,Payments to the Corporation for operating expenditures,2022-23 Main Estimates,1153797241
R1A,Canadian Broadcasting Corporation,Société Radio-Canada,5,Payments to the Corporation for working capital,2020-21 Expenditures,4000000
R1A,Canadian Broadcasting Corporation,Société Radio-Canada,5,Payments to the Corporation for working capital,2021-22 Main Estimates,4000000
R1A,Canadian Broadcasting Corporation,Société Radio-Canada,5,Payments to the Corporation for working capital,2021-22 Estimates To Date,4000000
R1A,Canadian Broadcasting Corporation,Société Radio-Canada,5,Payments to the Corporation for working capital,2022-23 Main Estimates,4000000
R1A,Canadian Broadcasting Corporation,Société Radio-Canada,10,Payments to the Corporation for capital expenditures,2020-21 Expenditures,71513000
R1A,Canadian Broadcasting Corporation,Société Radio-Canada,10,Payments to the Corporation for capital expenditures,2021-22 Main Estimates,106729000
R1A,Canadian Broadcasting Corporation,Société Radio-Canada,10,Payments to the Corporation for capital expenditures,2021-22 Estimates To Date,106729000
R1A,Canadian Broadcasting Corporation,Société Radio-Canada,10,Payments to the Corporation for capital expenditures,2022-23 Main Estimates,108326000
R1A,Canadian Centre for Occupational Health and Safety,Centre canadien dhygiène et de sécurité au travail,1,Program expenditures,2020-21 Expenditures,6557694
R1A,Canadian Centre for Occupational Health and Safety,Centre canadien dhygiène et de sécurité au travail,1,Program expenditures,2021-22 Main Estimates,5942874
R1A,Canadian Centre for Occupational Health and Safety,Centre canadien dhygiène et de sécurité au travail,1,Program expenditures,2021-22 Estimates To Date,5942874
R1A,Canadian Centre for Occupational Health and Safety,Centre canadien dhygiène et de sécurité au travail,1,Program expenditures,2022-23 Main Estimates,5234213
R1A,Canadian Centre for Occupational Health and Safety,Centre canadien dhygiène et de sécurité au travail,S,Spending of revenues pursuant to paragraph 6(1)(g) of the  Canadian Centre for Occupational Health and Safety Act,2020-21 Expenditures,3867982
R1A,Canadian Centre for Occupational Health and Safety,Centre canadien dhygiène et de sécurité au travail,S,Spending of revenues pursuant to paragraph 6(1)(g) of the  Canadian Centre for Occupational Health and Safety Act,2021-22 Main Estimates,8101178
R1A,Canadian Centre for Occupational Health and Safety,Centre canadien dhygiène et de sécurité au travail,S,Spending of revenues pursuant to paragraph 6(1)(g) of the  Canadian Centre for Occupational Health and Safety Act,2021-22 Estimates To Date,8101178
R1A,Canadian Centre for Occupational Health and Safety,Centre canadien dhygiène et de sécurité au travail,S,Spending of revenues pursuant to paragraph 6(1)(g) of the  Canadian Centre for Occupational Health and Safety Act,2022-23 Main Estimates,5626107
R1A,Canadian Centre for Occupational Health and Safety,Centre canadien dhygiène et de sécurité au travail,S,Contributions to employee benefit plans,2020-21 Expenditures,1279977
R1A,Canadian Centre for Occupational Health and Safety,Centre canadien dhygiène et de sécurité au travail,S,Contributions to employee benefit plans,2021-22 Main Estimates,776369
R1A,Canadian Centre for Occupational Health and Safety,Centre canadien dhygiène et de sécurité au travail,S,Contributions to employee benefit plans,2021-22 Estimates To Date,776369
R1A,Canadian Centre for Occupational Health and Safety,Centre canadien dhygiène et de sécurité au travail,S,Contributions to employee benefit plans,2022-23 Main Estimates,680561
R1A,Canadian Commercial Corporation,Corporation commerciale canadienne,1,Payments to the Corporation,2020-21 Expenditures,0
R1A,Canadian Commercial Corporation,Corporation commerciale canadienne,1,Payments to the Corporation,2021-22 Main Estimates,0
R1A,Canadian Commercial Corporation,Corporation commerciale canadienne,1,Payments to the Corporation,2021-22 Estimates To Date,0
R1A,Canadian Commercial Corporation,Corporation commerciale canadienne,1,Payments to the Corporation,2022-23 Main Estimates,13000000
R1A,Canadian Dairy Commission,Commission canadienne du lait,1,Program expenditures,2020-21 Expenditures,4576877
R1A,Canadian Dairy Commission,Commission canadienne du lait,1,Program expenditures,2021-22 Main Estimates,4094435
R1A,Canadian Dairy Commission,Commission canadienne du lait,1,Program expenditures,2021-22 Estimates To Date,4094435
R1A,Canadian Dairy Commission,Commission canadienne du lait,1,Program expenditures,2022-23 Main Estimates,4153333
R1A,Canadian Dairy Commission,Commission canadienne du lait,S,Other Statutory items listed in the Public Accounts of Canada,2020-21 Expenditures,-21366517
R1A,Canadian Dairy Commission,Commission canadienne du lait,S,Other Statutory items listed in the Public Accounts of Canada,2021-22 Main Estimates,0
R1A,Canadian Dairy Commission,Commission canadienne du lait,S,Other Statutory items listed in the Public Accounts of Canada,2021-22 Estimates To Date,0
R1A,Canadian Dairy Commission,Commission canadienne du lait,S,Other Statutory items listed in the Public Accounts of Canada,2022-23 Main Estimates,0
R1A,Canadian Energy Regulator,Régie canadienne de lénergie,1,Program expenditures,2020-21 Expenditures,88342824
R1A,Canadian Energy Regulator,Régie canadienne de lénergie,1,Program expenditures,2021-22 Main Estimates,97322173
R1A,Canadian Energy Regulator,Régie canadienne de lénergie,1,Program expenditures,2021-22 Estimates To Date,97322173
R1A,Canadian Energy Regulator,Régie canadienne de lénergie,1,Program expenditures,2022-23 Main Estimates,90160129
R1A,Canadian Energy Regulator,Régie canadienne de lénergie,S,Contributions to employee benefit plans,2020-21 Expenditures,10248179
R1A,Canadian Energy Regulator,Régie canadienne de lénergie,S,Contributions to employee benefit plans,2021-22 Main Estimates,10771018
R1A,Canadian Energy Regulator,Régie canadienne de lénergie,S,Contributions to employee benefit plans,2021-22 Estimates To Date,10771018
R1A,Canadian Energy Regulator,Régie canadienne de lénergie,S,Contributions to employee benefit plans,2022-23 Main Estimates,10106930
R1A,Canadian Energy Regulator,Régie canadienne de lénergie,S,Payment pursuant to section 24(1) of the  Financial Administration Act,2020-21 Expenditures,1241925
R1A,Canadian Energy Regulator,Régie canadienne de lénergie,S,Payment pursuant to section 24(1) of the  Financial Administration Act,2021-22 Main Estimates,0
R1A,Canadian Energy Regulator,Régie canadienne de lénergie,S,Payment pursuant to section 24(1) of the  Financial Administration Act,2021-22 Estimates To Date,0
R1A,Canadian Energy Regulator,Régie canadienne de lénergie,S,Payment pursuant to section 24(1) of the  Financial Administration Act,2022-23 Main Estimates,0
R1A,Canadian Food Inspection Agency,Agence canadienne dinspection des aliments,1,"Operating expenditures, grants and contributions",2020-21 Expenditures,671065891
R1A,Canadian Food Inspection Agency,Agence canadienne dinspection des aliments,1,"Operating expenditures, grants and contributions",2021-22 Main Estimates,608899997
R1A,Canadian Food Inspection Agency,Agence canadienne dinspection des aliments,1,"Operating expenditures, grants and contributions",2021-22 Estimates To Date,608899997
R1A,Canadian Food Inspection Agency,Agence canadienne dinspection des aliments,1,"Operating expenditures, grants and contributions",2022-23 Main Estimates,644613251
R1A,Canadian Food Inspection Agency,Agence canadienne dinspection des aliments,5,Capital expenditures,2020-21 Expenditures,22383733
R1A,Canadian Food Inspection Agency,Agence canadienne dinspection des aliments,5,Capital expenditures,2021-22 Main Estimates,29762978
R1A,Canadian Food Inspection Agency,Agence canadienne dinspection des aliments,5,Capital expenditures,2021-22 Estimates To Date,29762978
R1A,Canadian Food Inspection Agency,Agence canadienne dinspection des aliments,5,Capital expenditures,2022-23 Main Estimates,43425832
R1A,Canadian Food Inspection Agency,Agence canadienne dinspection des aliments,S,"Compensation payments in accordance with requirements established by Regulations under the  Health of Animals Act  and the   Plant Protection Act , and authorized pursuant to the  Canadian Food Inspection Agency Act    (S.C., 1997, c. 6)",2020-21 Expenditures,10346580
R1A,Canadian Food Inspection Agency,Agence canadienne dinspection des aliments,S,"Compensation payments in accordance with requirements established by Regulations under the  Health of Animals Act  and the   Plant Protection Act , and authorized pursuant to the  Canadian Food Inspection Agency Act    (S.C., 1997, c. 6)",2021-22 Main Estimates,12500000
R1A,Canadian Food Inspection Agency,Agence canadienne dinspection des aliments,S,"Compensation payments in accordance with requirements established by Regulations under the  Health of Animals Act  and the   Plant Protection Act , and authorized pursuant to the  Canadian Food Inspection Agency Act    (S.C., 1997, c. 6)",2021-22 Estimates To Date,12500000
R1A,Canadian Food Inspection Agency,Agence canadienne dinspection des aliments,S,"Compensation payments in accordance with requirements established by Regulations under the  Health of Animals Act  and the   Plant Protection Act , and authorized pursuant to the  Canadian Food Inspection Agency Act    (S.C., 1997, c. 6)",2022-23 Main Estimates,12500000
R1A,Canadian Food Inspection Agency,Agence canadienne dinspection des aliments,S,Other Statutory items listed in the Public Accounts of Canada,2020-21 Expenditures,216099
R1A,Canadian Food Inspection Agency,Agence canadienne dinspection des aliments,S,Other Statutory items listed in the Public Accounts of Canada,2021-22 Main Estimates,0
R1A,Canadian Food Inspection Agency,Agence canadienne dinspection des aliments,S,Other Statutory items listed in the Public Accounts of Canada,2021-22 Estimates To Date,0
R1A,Canadian Food Inspection Agency,Agence canadienne dinspection des aliments,S,Other Statutory items listed in the Public Accounts of Canada,2022-23 Main Estimates,0
R1A,Canadian Food Inspection Agency,Agence canadienne dinspection des aliments,S,Spending of revenues pursuant to Section 30 of the  Canadian Food Inspection Agency Act,2020-21 Expenditures,29669629
R1A,Canadian Food Inspection Agency,Agence canadienne dinspection des aliments,S,Spending of revenues pursuant to Section 30 of the  Canadian Food Inspection Agency Act,2021-22 Main Estimates,53000000
R1A,Canadian Food Inspection Agency,Agence canadienne dinspection des aliments,S,Spending of revenues pursuant to Section 30 of the  Canadian Food Inspection Agency Act,2021-22 Estimates To Date,53000000
R1A,Canadian Food Inspection Agency,Agence canadienne dinspection des aliments,S,Spending of revenues pursuant to Section 30 of the  Canadian Food Inspection Agency Act,2022-23 Main Estimates,53000000
R1A,Canadian Food Inspection Agency,Agence canadienne dinspection des aliments,S,Contributions to employee benefit plans,2020-21 Expenditures,75881687
R1A,Canadian Food Inspection Agency,Agence canadienne dinspection des aliments,S,Contributions to employee benefit plans,2021-22 Main Estimates,81539424
R1A,Canadian Food Inspection Agency,Agence canadienne dinspection des aliments,S,Contributions to employee benefit plans,2021-22 Estimates To Date,81539424
R1A,Canadian Food Inspection Agency,Agence canadienne dinspection des aliments,S,Contributions to employee benefit plans,2022-23 Main Estimates,84277606
R1A,Canadian Grain Commission,Commission canadienne des grains,1,Program expenditures,2020-21 Expenditures,6136350
R1A,Canadian Grain Commission,Commission canadienne des grains,1,Program expenditures,2021-22 Main Estimates,5237236
R1A,Canadian Grain Commission,Commission canadienne des grains,1,Program expenditures,2021-22 Estimates To Date,5237236
R1A,Canadian Grain Commission,Commission canadienne des grains,1,Program expenditures,2022-23 Main Estimates,5299399
R1A,Canadian Grain Commission,Commission canadienne des grains,S,Other Statutory items listed in the Public Accounts of Canada,2020-21 Expenditures,38705
R1A,Canadian Grain Commission,Commission canadienne des grains,S,Other Statutory items listed in the Public Accounts of Canada,2021-22 Main Estimates,0
R1A,Canadian Grain Commission,Commission canadienne des grains,S,Other Statutory items listed in the Public Accounts of Canada,2021-22 Estimates To Date,0
R1A,Canadian Grain Commission,Commission canadienne des grains,S,Other Statutory items listed in the Public Accounts of Canada,2022-23 Main Estimates,0
R1A,Canadian Grain Commission,Commission canadienne des grains,S,"Canadian Grain Commission Revolving Fund ( Appropriation Act No. 4, 1994-95 )",2020-21 Expenditures,-18686462
R1A,Canadian Grain Commission,Commission canadienne des grains,S,"Canadian Grain Commission Revolving Fund ( Appropriation Act No. 4, 1994-95 )",2021-22 Main Estimates,847955
R1A,Canadian Grain Commission,Commission canadienne des grains,S,"Canadian Grain Commission Revolving Fund ( Appropriation Act No. 4, 1994-95 )",2021-22 Estimates To Date,847955
R1A,Canadian Grain Commission,Commission canadienne des grains,S,"Canadian Grain Commission Revolving Fund ( Appropriation Act No. 4, 1994-95 )",2022-23 Main Estimates,7215143
R1A,Canadian Grain Commission,Commission canadienne des grains,S,Contributions to employee benefit plans,2020-21 Expenditures,665500
R1A,Canadian Grain Commission,Commission canadienne des grains,S,Contributions to employee benefit plans,2021-22 Main Estimates,684389
R1A,Canadian Grain Commission,Commission canadienne des grains,S,Contributions to employee benefit plans,2021-22 Estimates To Date,684389
R1A,Canadian Grain Commission,Commission canadienne des grains,S,Contributions to employee benefit plans,2022-23 Main Estimates,695408
R1A,Canadian High Arctic Research Station,Station canadienne de recherche dans lExtrêmeArctique,1,Program expenditures,2020-21 Expenditures,21160655
R1A,Canadian High Arctic Research Station,Station canadienne de recherche dans lExtrêmeArctique,1,Program expenditures,2021-22 Main Estimates,29761017
R1A,Canadian High Arctic Research Station,Station canadienne de recherche dans lExtrêmeArctique,1,Program expenditures,2021-22 Estimates To Date,29761017
R1A,Canadian High Arctic Research Station,Station canadienne de recherche dans lExtrêmeArctique,1,Program expenditures,2022-23 Main Estimates,29886748
R1A,Canadian High Arctic Research Station,Station canadienne de recherche dans lExtrêmeArctique,S,Spending of revenue pursuant to section 6(2) of the  Canadian High Arctic Research Station Act,2020-21 Expenditures,0
R1A,Canadian High Arctic Research Station,Station canadienne de recherche dans lExtrêmeArctique,S,Spending of revenue pursuant to section 6(2) of the  Canadian High Arctic Research Station Act,2021-22 Main Estimates,732099
R1A,Canadian High Arctic Research Station,Station canadienne de recherche dans lExtrêmeArctique,S,Spending of revenue pursuant to section 6(2) of the  Canadian High Arctic Research Station Act,2021-22 Estimates To Date,732099
R1A,Canadian High Arctic Research Station,Station canadienne de recherche dans lExtrêmeArctique,S,Spending of revenue pursuant to section 6(2) of the  Canadian High Arctic Research Station Act,2022-23 Main Estimates,732099
R1A,Canadian High Arctic Research Station,Station canadienne de recherche dans lExtrêmeArctique,S,Contributions to employee benefit plans,2020-21 Expenditures,1113593
R1A,Canadian High Arctic Research Station,Station canadienne de recherche dans lExtrêmeArctique,S,Contributions to employee benefit plans,2021-22 Main Estimates,1723994
R1A,Canadian High Arctic Research Station,Station canadienne de recherche dans lExtrêmeArctique,S,Contributions to employee benefit plans,2021-22 Estimates To Date,1723994
R1A,Canadian High Arctic Research Station,Station canadienne de recherche dans lExtrêmeArctique,S,Contributions to employee benefit plans,2022-23 Main Estimates,1747292
R1A,Canadian High Arctic Research Station,Station canadienne de recherche dans lExtrêmeArctique,S,Refunds of amounts credited to revenues in previous years,2020-21 Expenditures,1023
R1A,Canadian High Arctic Research Station,Station canadienne de recherche dans lExtrêmeArctique,S,Refunds of amounts credited to revenues in previous years,2021-22 Main Estimates,0
R1A,Canadian High Arctic Research Station,Station canadienne de recherche dans lExtrêmeArctique,S,Refunds of amounts credited to revenues in previous years,2021-22 Estimates To Date,0
R1A,Canadian High Arctic Research Station,Station canadienne de recherche dans lExtrêmeArctique,S,Refunds of amounts credited to revenues in previous years,2022-23 Main Estimates,0
R1A,Canadian Human Rights Commission,Commission canadienne des droits de la personne,1,Program expenditures,2020-21 Expenditures,27629936
R1A,Canadian Human Rights Commission,Commission canadienne des droits de la personne,1,Program expenditures,2021-22 Main Estimates,33417767
R1A,Canadian Human Rights Commission,Commission canadienne des droits de la personne,1,Program expenditures,2021-22 Estimates To Date,33417767
R1A,Canadian Human Rights Commission,Commission canadienne des droits de la personne,1,Program expenditures,2022-23 Main Estimates,35524427
R1A,Canadian Human Rights Commission,Commission canadienne des droits de la personne,S,Contributions to employee benefit plans,2020-21 Expenditures,3369223
R1A,Canadian Human Rights Commission,Commission canadienne des droits de la personne,S,Contributions to employee benefit plans,2021-22 Main Estimates,3854519
R1A,Canadian Human Rights Commission,Commission canadienne des droits de la personne,S,Contributions to employee benefit plans,2021-22 Estimates To Date,3854519
R1A,Canadian Human Rights Commission,Commission canadienne des droits de la personne,S,Contributions to employee benefit plans,2022-23 Main Estimates,4216794
R1A,Canadian Institutes of Health Research,Instituts de recherche en santé du Canada,1,Operating expenditures,2020-21 Expenditures,56644229
R1A,Canadian Institutes of Health Research,Instituts de recherche en santé du Canada,1,Operating expenditures,2021-22 Main Estimates,62871989
R1A,Canadian Institutes of Health Research,Instituts de recherche en santé du Canada,1,Operating expenditures,2021-22 Estimates To Date,62871989
R1A,Canadian Institutes of Health Research,Instituts de recherche en santé du Canada,1,Operating expenditures,2022-23 Main Estimates,64900611
R1A,Canadian Institutes of Health Research,Instituts de recherche en santé du Canada,5,Grants,2020-21 Expenditures,1235880411
R1A,Canadian Institutes of Health Research,Instituts de recherche en santé du Canada,5,Grants,2021-22 Main Estimates,1183828164
R1A,Canadian Institutes of Health Research,Instituts de recherche en santé du Canada,5,Grants,2021-22 Estimates To Date,1183828164
R1A,Canadian Institutes of Health Research,Instituts de recherche en santé du Canada,5,Grants,2022-23 Main Estimates,1169850525
R1A,Canadian Institutes of Health Research,Instituts de recherche en santé du Canada,S,Payments for medical countermeasures pursuant to the  Public Health Events of National Concern Payments Act,2020-21 Expenditures,7000000
R1A,Canadian Institutes of Health Research,Instituts de recherche en santé du Canada,S,Payments for medical countermeasures pursuant to the  Public Health Events of National Concern Payments Act,2021-22 Main Estimates,0
R1A,Canadian Institutes of Health Research,Instituts de recherche en santé du Canada,S,Payments for medical countermeasures pursuant to the  Public Health Events of National Concern Payments Act,2021-22 Estimates To Date,0
R1A,Canadian Institutes of Health Research,Instituts de recherche en santé du Canada,S,Payments for medical countermeasures pursuant to the  Public Health Events of National Concern Payments Act,2022-23 Main Estimates,0
R1A,Canadian Institutes of Health Research,Instituts de recherche en santé du Canada,S,"Payments for the Safe Restart Agreement for federal investments in  testing, contact tracing and data management pursuant to the  Public Health Events of National Concern Payments Act",2020-21 Expenditures,1199987
R1A,Canadian Institutes of Health Research,Instituts de recherche en santé du Canada,S,"Payments for the Safe Restart Agreement for federal investments in  testing, contact tracing and data management pursuant to the  Public Health Events of National Concern Payments Act",2021-22 Main Estimates,0
R1A,Canadian Institutes of Health Research,Instituts de recherche en santé du Canada,S,"Payments for the Safe Restart Agreement for federal investments in  testing, contact tracing and data management pursuant to the  Public Health Events of National Concern Payments Act",2021-22 Estimates To Date,0
R1A,Canadian Institutes of Health Research,Instituts de recherche en santé du Canada,S,"Payments for the Safe Restart Agreement for federal investments in  testing, contact tracing and data management pursuant to the  Public Health Events of National Concern Payments Act",2022-23 Main Estimates,0
R1A,Canadian Institutes of Health Research,Instituts de recherche en santé du Canada,S,Payments to support students and youth impacted by COVID-19 pursuant to the  Public Health Events of National Concern Payments Act,2020-21 Expenditures,83299783
R1A,Canadian Institutes of Health Research,Instituts de recherche en santé du Canada,S,Payments to support students and youth impacted by COVID-19 pursuant to the  Public Health Events of National Concern Payments Act,2021-22 Main Estimates,0
R1A,Canadian Institutes of Health Research,Instituts de recherche en santé du Canada,S,Payments to support students and youth impacted by COVID-19 pursuant to the  Public Health Events of National Concern Payments Act,2021-22 Estimates To Date,0
R1A,Canadian Institutes of Health Research,Instituts de recherche en santé du Canada,S,Payments to support students and youth impacted by COVID-19 pursuant to the  Public Health Events of National Concern Payments Act,2022-23 Main Estimates,0
R1A,Canadian Institutes of Health Research,Instituts de recherche en santé du Canada,S,Payments for a pandemic response and health emergencies research plan pursuant to the  Public Health Events of National Concern Payments Act,2020-21 Expenditures,112129212
R1A,Canadian Institutes of Health Research,Instituts de recherche en santé du Canada,S,Payments for a pandemic response and health emergencies research plan pursuant to the  Public Health Events of National Concern Payments Act,2021-22 Main Estimates,0
R1A,Canadian Institutes of Health Research,Instituts de recherche en santé du Canada,S,Payments for a pandemic response and health emergencies research plan pursuant to the  Public Health Events of National Concern Payments Act,2021-22 Estimates To Date,0
R1A,Canadian Institutes of Health Research,Instituts de recherche en santé du Canada,S,Payments for a pandemic response and health emergencies research plan pursuant to the  Public Health Events of National Concern Payments Act,2022-23 Main Estimates,0
R1A,Canadian Institutes of Health Research,Instituts de recherche en santé du Canada,S,Contributions to employee benefit plans,2020-21 Expenditures,7307938
R1A,Canadian Institutes of Health Research,Instituts de recherche en santé du Canada,S,Contributions to employee benefit plans,2021-22 Main Estimates,7206377
R1A,Canadian Institutes of Health Research,Instituts de recherche en santé du Canada,S,Contributions to employee benefit plans,2021-22 Estimates To Date,7206377
R1A,Canadian Institutes of Health Research,Instituts de recherche en santé du Canada,S,Contributions to employee benefit plans,2022-23 Main Estimates,7733516
R1A,Canadian Intergovernmental Conference Secretariat,Secrétariat des conférences intergouvernementales canadiennes,1,Program expenditures,2020-21 Expenditures,4285564
R1A,Canadian Intergovernmental Conference Secretariat,Secrétariat des conférences intergouvernementales canadiennes,1,Program expenditures,2021-22 Main Estimates,5596230
R1A,Canadian Intergovernmental Conference Secretariat,Secrétariat des conférences intergouvernementales canadiennes,1,Program expenditures,2021-22 Estimates To Date,5596230
R1A,Canadian Intergovernmental Conference Secretariat,Secrétariat des conférences intergouvernementales canadiennes,1,Program expenditures,2022-23 Main Estimates,5613899
R1A,Canadian Intergovernmental Conference Secretariat,Secrétariat des conférences intergouvernementales canadiennes,S,Contributions to employee benefit plans,2020-21 Expenditures,379679
R1A,Canadian Intergovernmental Conference Secretariat,Secrétariat des conférences intergouvernementales canadiennes,S,Contributions to employee benefit plans,2021-22 Main Estimates,434248
R1A,Canadian Intergovernmental Conference Secretariat,Secrétariat des conférences intergouvernementales canadiennes,S,Contributions to employee benefit plans,2021-22 Estimates To Date,434248
R1A,Canadian Intergovernmental Conference Secretariat,Secrétariat des conférences intergouvernementales canadiennes,S,Contributions to employee benefit plans,2022-23 Main Estimates,442767
R1A,Canadian Museum for Human Rights,Musée canadien des droits de la personne,1,Payments to the Museum for operating and capital expenditures,2020-21 Expenditures,26980802
R1A,Canadian Museum for Human Rights,Musée canadien des droits de la personne,1,Payments to the Museum for operating and capital expenditures,2021-22 Main Estimates,25436716
R1A,Canadian Museum for Human Rights,Musée canadien des droits de la personne,1,Payments to the Museum for operating and capital expenditures,2021-22 Estimates To Date,25436716
R1A,Canadian Museum for Human Rights,Musée canadien des droits de la personne,1,Payments to the Museum for operating and capital expenditures,2022-23 Main Estimates,25436716
R1A,Canadian Museum for Human Rights,Musée canadien des droits de la personne,S,Payments to support Canadas national museums pursuant to the  Public Health Events of National Concern Payments Act,2020-21 Expenditures,2206586
R1A,Canadian Museum for Human Rights,Musée canadien des droits de la personne,S,Payments to support Canadas national museums pursuant to the  Public Health Events of National Concern Payments Act,2021-22 Main Estimates,0
R1A,Canadian Museum for Human Rights,Musée canadien des droits de la personne,S,Payments to support Canadas national museums pursuant to the  Public Health Events of National Concern Payments Act,2021-22 Estimates To Date,0
R1A,Canadian Museum for Human Rights,Musée canadien des droits de la personne,S,Payments to support Canadas national museums pursuant to the  Public Health Events of National Concern Payments Act,2022-23 Main Estimates,0
R1A,Canadian Museum of History,Musée canadien de lhistoire,1,Payments to the Museum for operating and capital expenditures,2020-21 Expenditures,77269696
R1A,Canadian Museum of History,Musée canadien de lhistoire,1,Payments to the Museum for operating and capital expenditures,2021-22 Main Estimates,72768111
R1A,Canadian Museum of History,Musée canadien de lhistoire,1,Payments to the Museum for operating and capital expenditures,2021-22 Estimates To Date,72768111
R1A,Canadian Museum of History,Musée canadien de lhistoire,1,Payments to the Museum for operating and capital expenditures,2022-23 Main Estimates,73223111
R1A,Canadian Museum of History,Musée canadien de lhistoire,S,Payments to support Canadas national museums pursuant to the  Public Health Events of National Concern Payments Act,2020-21 Expenditures,4256563
R1A,Canadian Museum of History,Musée canadien de lhistoire,S,Payments to support Canadas national museums pursuant to the  Public Health Events of National Concern Payments Act,2021-22 Main Estimates,0
R1A,Canadian Museum of History,Musée canadien de lhistoire,S,Payments to support Canadas national museums pursuant to the  Public Health Events of National Concern Payments Act,2021-22 Estimates To Date,0
R1A,Canadian Museum of History,Musée canadien de lhistoire,S,Payments to support Canadas national museums pursuant to the  Public Health Events of National Concern Payments Act,2022-23 Main Estimates,0
R1A,Canadian Museum of Immigration at Pier 21,Musée canadien de limmigration du Quai 21,1,Payments to the Museum for operating and capital expenditures,2020-21 Expenditures,8556693
R1A,Canadian Museum of Immigration at Pier 21,Musée canadien de limmigration du Quai 21,1,Payments to the Museum for operating and capital expenditures,2021-22 Main Estimates,8111694
R1A,Canadian Museum of Immigration at Pier 21,Musée canadien de limmigration du Quai 21,1,Payments to the Museum for operating and capital expenditures,2021-22 Estimates To Date,8111694
R1A,Canadian Museum of Immigration at Pier 21,Musée canadien de limmigration du Quai 21,1,Payments to the Museum for operating and capital expenditures,2022-23 Main Estimates,8111694
R1A,Canadian Museum of Immigration at Pier 21,Musée canadien de limmigration du Quai 21,S,Payments to support Canadas national museums pursuant to the  Public Health Events of National Concern Payments Act,2020-21 Expenditures,2049575
R1A,Canadian Museum of Immigration at Pier 21,Musée canadien de limmigration du Quai 21,S,Payments to support Canadas national museums pursuant to the  Public Health Events of National Concern Payments Act,2021-22 Main Estimates,0
R1A,Canadian Museum of Immigration at Pier 21,Musée canadien de limmigration du Quai 21,S,Payments to support Canadas national museums pursuant to the  Public Health Events of National Concern Payments Act,2021-22 Estimates To Date,0
R1A,Canadian Museum of Immigration at Pier 21,Musée canadien de limmigration du Quai 21,S,Payments to support Canadas national museums pursuant to the  Public Health Events of National Concern Payments Act,2022-23 Main Estimates,0
R1A,Canadian Museum of Nature,Musée canadien de la nature,1,Payments to the Museum for operating and capital expenditures,2020-21 Expenditures,28975764
R1A,Canadian Museum of Nature,Musée canadien de la nature,1,Payments to the Museum for operating and capital expenditures,2021-22 Main Estimates,27687206
R1A,Canadian Museum of Nature,Musée canadien de la nature,1,Payments to the Museum for operating and capital expenditures,2021-22 Estimates To Date,27687206
R1A,Canadian Museum of Nature,Musée canadien de la nature,1,Payments to the Museum for operating and capital expenditures,2022-23 Main Estimates,27655236
R1A,Canadian Museum of Nature,Musée canadien de la nature,S,Payments to support Canadas national museums pursuant to the  Public Health Events of National Concern Payments Act,2020-21 Expenditures,5927263
R1A,Canadian Museum of Nature,Musée canadien de la nature,S,Payments to support Canadas national museums pursuant to the  Public Health Events of National Concern Payments Act,2021-22 Main Estimates,0
R1A,Canadian Museum of Nature,Musée canadien de la nature,S,Payments to support Canadas national museums pursuant to the  Public Health Events of National Concern Payments Act,2021-22 Estimates To Date,0
R1A,Canadian Museum of Nature,Musée canadien de la nature,S,Payments to support Canadas national museums pursuant to the  Public Health Events of National Concern Payments Act,2022-23 Main Estimates,0
R1A,Canadian Northern Economic Development Agency,Agence canadienne de développement économique du Nord,1,Operating expenditures,2020-21 Expenditures,19782959
R1A,Canadian Northern Economic Development Agency,Agence canadienne de développement économique du Nord,1,Operating expenditures,2021-22 Main Estimates,20168756
R1A,Canadian Northern Economic Development Agency,Agence canadienne de développement économique du Nord,1,Operating expenditures,2021-22 Estimates To Date,20168756
R1A,Canadian Northern Economic Development Agency,Agence canadienne de développement économique du Nord,1,Operating expenditures,2022-23 Main Estimates,21046520
R1A,Canadian Northern Economic Development Agency,Agence canadienne de développement économique du Nord,5,Grants and contributions,2020-21 Expenditures,74470328
R1A,Canadian Northern Economic Development Agency,Agence canadienne de développement économique du Nord,5,Grants and contributions,2021-22 Main Estimates,57419626
R1A,Canadian Northern Economic Development Agency,Agence canadienne de développement économique du Nord,5,Grants and contributions,2021-22 Estimates To Date,57419626
R1A,Canadian Northern Economic Development Agency,Agence canadienne de développement économique du Nord,5,Grants and contributions,2022-23 Main Estimates,69683760
R1A,Canadian Northern Economic Development Agency,Agence canadienne de développement économique du Nord,S,Payments for the Community Futures Network pursuant to the  Public Health Events of National Concern Payments Act,2020-21 Expenditures,2500000
R1A,Canadian Northern Economic Development Agency,Agence canadienne de développement économique du Nord,S,Payments for the Community Futures Network pursuant to the  Public Health Events of National Concern Payments Act,2021-22 Main Estimates,0
R1A,Canadian Northern Economic Development Agency,Agence canadienne de développement économique du Nord,S,Payments for the Community Futures Network pursuant to the  Public Health Events of National Concern Payments Act,2021-22 Estimates To Date,0
R1A,Canadian Northern Economic Development Agency,Agence canadienne de développement économique du Nord,S,Payments for the Community Futures Network pursuant to the  Public Health Events of National Concern Payments Act,2022-23 Main Estimates,0
R1A,Canadian Northern Economic Development Agency,Agence canadienne de développement économique du Nord,S,Payments to provide financing support to small and medium-sized businesses pursuant to the  Public Health Events of National Concern  Payments Act,2020-21 Expenditures,2499951
R1A,Canadian Northern Economic Development Agency,Agence canadienne de développement économique du Nord,S,Payments to provide financing support to small and medium-sized businesses pursuant to the  Public Health Events of National Concern  Payments Act,2021-22 Main Estimates,0
R1A,Canadian Northern Economic Development Agency,Agence canadienne de développement économique du Nord,S,Payments to provide financing support to small and medium-sized businesses pursuant to the  Public Health Events of National Concern  Payments Act,2021-22 Estimates To Date,0
R1A,Canadian Northern Economic Development Agency,Agence canadienne de développement économique du Nord,S,Payments to provide financing support to small and medium-sized businesses pursuant to the  Public Health Events of National Concern  Payments Act,2022-23 Main Estimates,0
R1A,Canadian Northern Economic Development Agency,Agence canadienne de développement économique du Nord,S,Contributions to employee benefit plans,2020-21 Expenditures,1966046
R1A,Canadian Northern Economic Development Agency,Agence canadienne de développement économique du Nord,S,Contributions to employee benefit plans,2021-22 Main Estimates,1962319
R1A,Canadian Northern Economic Development Agency,Agence canadienne de développement économique du Nord,S,Contributions to employee benefit plans,2021-22 Estimates To Date,1962319
R1A,Canadian Northern Economic Development Agency,Agence canadienne de développement économique du Nord,S,Contributions to employee benefit plans,2022-23 Main Estimates,2104936
R1A,Canadian Nuclear Safety Commission,Commission canadienne de sûreté nucléaire,1,Program expenditures,2020-21 Expenditures,34910780
R1A,Canadian Nuclear Safety Commission,Commission canadienne de sûreté nucléaire,1,Program expenditures,2021-22 Main Estimates,41081316
R1A,Canadian Nuclear Safety Commission,Commission canadienne de sûreté nucléaire,1,Program expenditures,2021-22 Estimates To Date,41081316
R1A,Canadian Nuclear Safety Commission,Commission canadienne de sûreté nucléaire,1,Program expenditures,2022-23 Main Estimates,40818583
R1A,Canadian Nuclear Safety Commission,Commission canadienne de sûreté nucléaire,S,Expenditures pursuant to paragraph 21(3) of the  Nuclear Safety and Control Act,2020-21 Expenditures,90967784
R1A,Canadian Nuclear Safety Commission,Commission canadienne de sûreté nucléaire,S,Expenditures pursuant to paragraph 21(3) of the  Nuclear Safety and Control Act,2021-22 Main Estimates,98250551
R1A,Canadian Nuclear Safety Commission,Commission canadienne de sûreté nucléaire,S,Expenditures pursuant to paragraph 21(3) of the  Nuclear Safety and Control Act,2021-22 Estimates To Date,98250551
R1A,Canadian Nuclear Safety Commission,Commission canadienne de sûreté nucléaire,S,Expenditures pursuant to paragraph 21(3) of the  Nuclear Safety and Control Act,2022-23 Main Estimates,98382602
R1A,Canadian Nuclear Safety Commission,Commission canadienne de sûreté nucléaire,S,Contributions to employee benefit plans,2020-21 Expenditures,13648457
R1A,Canadian Nuclear Safety Commission,Commission canadienne de sûreté nucléaire,S,Contributions to employee benefit plans,2021-22 Main Estimates,4416994
R1A,Canadian Nuclear Safety Commission,Commission canadienne de sûreté nucléaire,S,Contributions to employee benefit plans,2021-22 Estimates To Date,4416994
R1A,Canadian Nuclear Safety Commission,Commission canadienne de sûreté nucléaire,S,Contributions to employee benefit plans,2022-23 Main Estimates,4480968
R1A,Canadian Race Relations Foundation,Fondation canadienne des relations raciales,1,Payments to the Foundation,2020-21 Expenditures,0
R1A,Canadian Race Relations Foundation,Fondation canadienne des relations raciales,1,Payments to the Foundation,2021-22 Main Estimates,0
R1A,Canadian Race Relations Foundation,Fondation canadienne des relations raciales,1,Payments to the Foundation,2021-22 Estimates To Date,0
R1A,Canadian Race Relations Foundation,Fondation canadienne des relations raciales,1,Payments to the Foundation,2022-23 Main Estimates,5000000
R1A,Canadian Radio-television and Telecommunications Commission,Conseil de la radiodiffusion et des télécommunications canadiennes,1,Program expenditures,2020-21 Expenditures,31390085
R1A,Canadian Radio-television and Telecommunications Commission,Conseil de la radiodiffusion et des télécommunications canadiennes,1,Program expenditures,2021-22 Main Estimates,6310750
R1A,Canadian Radio-television and Telecommunications Commission,Conseil de la radiodiffusion et des télécommunications canadiennes,1,Program expenditures,2021-22 Estimates To Date,6310750
R1A,Canadian Radio-television and Telecommunications Commission,Conseil de la radiodiffusion et des télécommunications canadiennes,1,Program expenditures,2022-23 Main Estimates,8779059
R1A,Canadian Radio-television and Telecommunications Commission,Conseil de la radiodiffusion et des télécommunications canadiennes,S,Contributions to employee benefit plans,2020-21 Expenditures,7945025
R1A,Canadian Radio-television and Telecommunications Commission,Conseil de la radiodiffusion et des télécommunications canadiennes,S,Contributions to employee benefit plans,2021-22 Main Estimates,7908211
R1A,Canadian Radio-television and Telecommunications Commission,Conseil de la radiodiffusion et des télécommunications canadiennes,S,Contributions to employee benefit plans,2021-22 Estimates To Date,7908211
R1A,Canadian Radio-television and Telecommunications Commission,Conseil de la radiodiffusion et des télécommunications canadiennes,S,Contributions to employee benefit plans,2022-23 Main Estimates,8356191
R1A,Canadian Security Intelligence Service,Service canadien du renseignement de sécurité,1,Program expenditures,2020-21 Expenditures,627092654
R1A,Canadian Security Intelligence Service,Service canadien du renseignement de sécurité,1,Program expenditures,2021-22 Main Estimates,572188443
R1A,Canadian Security Intelligence Service,Service canadien du renseignement de sécurité,1,Program expenditures,2021-22 Estimates To Date,572188443
R1A,Canadian Security Intelligence Service,Service canadien du renseignement de sécurité,1,Program expenditures,2022-23 Main Estimates,591723683
R1A,Canadian Security Intelligence Service,Service canadien du renseignement de sécurité,S,Other Statutory items listed in the Public Accounts of Canada,2020-21 Expenditures,755860
R1A,Canadian Security Intelligence Service,Service canadien du renseignement de sécurité,S,Other Statutory items listed in the Public Accounts of Canada,2021-22 Main Estimates,0
R1A,Canadian Security Intelligence Service,Service canadien du renseignement de sécurité,S,Other Statutory items listed in the Public Accounts of Canada,2021-22 Estimates To Date,0
R1A,Canadian Security Intelligence Service,Service canadien du renseignement de sécurité,S,Other Statutory items listed in the Public Accounts of Canada,2022-23 Main Estimates,0
R1A,Canadian Security Intelligence Service,Service canadien du renseignement de sécurité,S,Contributions to employee benefit plans,2020-21 Expenditures,49051187
R1A,Canadian Security Intelligence Service,Service canadien du renseignement de sécurité,S,Contributions to employee benefit plans,2021-22 Main Estimates,51752524
R1A,Canadian Security Intelligence Service,Service canadien du renseignement de sécurité,S,Contributions to employee benefit plans,2021-22 Estimates To Date,51752524
R1A,Canadian Security Intelligence Service,Service canadien du renseignement de sécurité,S,Contributions to employee benefit plans,2022-23 Main Estimates,56433902
R1A,Canadian Space Agency,Agence spatiale canadienne,1,Operating expenditures,2020-21 Expenditures,191468491
R1A,Canadian Space Agency,Agence spatiale canadienne,1,Operating expenditures,2021-22 Main Estimates,225489428
R1A,Canadian Space Agency,Agence spatiale canadienne,1,Operating expenditures,2021-22 Estimates To Date,225489428
R1A,Canadian Space Agency,Agence spatiale canadienne,1,Operating expenditures,2022-23 Main Estimates,217471684
R1A,Canadian Space Agency,Agence spatiale canadienne,5,Capital expenditures,2020-21 Expenditures,47804489
R1A,Canadian Space Agency,Agence spatiale canadienne,5,Capital expenditures,2021-22 Main Estimates,72425400
R1A,Canadian Space Agency,Agence spatiale canadienne,5,Capital expenditures,2021-22 Estimates To Date,72425400
R1A,Canadian Space Agency,Agence spatiale canadienne,5,Capital expenditures,2022-23 Main Estimates,73949013
R1A,Canadian Space Agency,Agence spatiale canadienne,10,Grants and contributions,2020-21 Expenditures,80239450
R1A,Canadian Space Agency,Agence spatiale canadienne,10,Grants and contributions,2021-22 Main Estimates,94630000
R1A,Canadian Space Agency,Agence spatiale canadienne,10,Grants and contributions,2021-22 Estimates To Date,94630000
R1A,Canadian Space Agency,Agence spatiale canadienne,10,Grants and contributions,2022-23 Main Estimates,85580950
R1A,Canadian Space Agency,Agence spatiale canadienne,S,Contributions to employee benefit plans,2020-21 Expenditures,10897223
R1A,Canadian Space Agency,Agence spatiale canadienne,S,Contributions to employee benefit plans,2021-22 Main Estimates,11085844
R1A,Canadian Space Agency,Agence spatiale canadienne,S,Contributions to employee benefit plans,2021-22 Estimates To Date,11085844
R1A,Canadian Space Agency,Agence spatiale canadienne,S,Contributions to employee benefit plans,2022-23 Main Estimates,11276732
R1A,Canadian Tourism Commission,Commission canadienne du tourisme,1,Payments to the Commission,2020-21 Expenditures,95665913
R1A,Canadian Tourism Commission,Commission canadienne du tourisme,1,Payments to the Commission,2021-22 Main Estimates,96159703
R1A,Canadian Tourism Commission,Commission canadienne du tourisme,1,Payments to the Commission,2021-22 Estimates To Date,96159703
R1A,Canadian Tourism Commission,Commission canadienne du tourisme,1,Payments to the Commission,2022-23 Main Estimates,156159703
R1A,Canadian Transportation Accident Investigation and Safety Board,Bureau canadien denquête sur les accidents de transport et de la sécurité des transports,1,Program expenditures,2020-21 Expenditures,32362365
R1A,Canadian Transportation Accident Investigation and Safety Board,Bureau canadien denquête sur les accidents de transport et de la sécurité des transports,1,Program expenditures,2021-22 Main Estimates,31156943
R1A,Canadian Transportation Accident Investigation and Safety Board,Bureau canadien denquête sur les accidents de transport et de la sécurité des transports,1,Program expenditures,2021-22 Estimates To Date,31156943
R1A,Canadian Transportation Accident Investigation and Safety Board,Bureau canadien denquête sur les accidents de transport et de la sécurité des transports,1,Program expenditures,2022-23 Main Estimates,31924200
R1A,Canadian Transportation Accident Investigation and Safety Board,Bureau canadien denquête sur les accidents de transport et de la sécurité des transports,S,Contributions to employee benefit plans,2020-21 Expenditures,3947463
R1A,Canadian Transportation Accident Investigation and Safety Board,Bureau canadien denquête sur les accidents de transport et de la sécurité des transports,S,Contributions to employee benefit plans,2021-22 Main Estimates,3763327
R1A,Canadian Transportation Accident Investigation and Safety Board,Bureau canadien denquête sur les accidents de transport et de la sécurité des transports,S,Contributions to employee benefit plans,2021-22 Estimates To Date,3763327
R1A,Canadian Transportation Accident Investigation and Safety Board,Bureau canadien denquête sur les accidents de transport et de la sécurité des transports,S,Contributions to employee benefit plans,2022-23 Main Estimates,3837082
R1A,Canadian Transportation Accident Investigation and Safety Board,Bureau canadien denquête sur les accidents de transport et de la sécurité des transports,S,Other Statutory items listed in the Public Accounts of Canada,2020-21 Expenditures,63934
R1A,Canadian Transportation Accident Investigation and Safety Board,Bureau canadien denquête sur les accidents de transport et de la sécurité des transports,S,Other Statutory items listed in the Public Accounts of Canada,2021-22 Main Estimates,0
R1A,Canadian Transportation Accident Investigation and Safety Board,Bureau canadien denquête sur les accidents de transport et de la sécurité des transports,S,Other Statutory items listed in the Public Accounts of Canada,2021-22 Estimates To Date,0
R1A,Canadian Transportation Accident Investigation and Safety Board,Bureau canadien denquête sur les accidents de transport et de la sécurité des transports,S,Other Statutory items listed in the Public Accounts of Canada,2022-23 Main Estimates,0
R1A,Canadian Transportation Agency,Office des transports du Canada,1,Program expenditures,2020-21 Expenditures,36759151
R1A,Canadian Transportation Agency,Office des transports du Canada,1,Program expenditures,2021-22 Main Estimates,35786127
R1A,Canadian Transportation Agency,Office des transports du Canada,1,Program expenditures,2021-22 Estimates To Date,35786127
R1A,Canadian Transportation Agency,Office des transports du Canada,1,Program expenditures,2022-23 Main Estimates,27487704
R1A,Canadian Transportation Agency,Office des transports du Canada,S,Contributions to employee benefit plans,2020-21 Expenditures,4629858
R1A,Canadian Transportation Agency,Office des transports du Canada,S,Contributions to employee benefit plans,2021-22 Main Estimates,4606390
R1A,Canadian Transportation Agency,Office des transports du Canada,S,Contributions to employee benefit plans,2021-22 Estimates To Date,4606390
R1A,Canadian Transportation Agency,Office des transports du Canada,S,Contributions to employee benefit plans,2022-23 Main Estimates,3541587
R1A,Canadian Transportation Agency,Office des transports du Canada,S,Other Statutory items listed in the Public Accounts of Canada,2020-21 Expenditures,8220
R1A,Canadian Transportation Agency,Office des transports du Canada,S,Other Statutory items listed in the Public Accounts of Canada,2021-22 Main Estimates,0
R1A,Canadian Transportation Agency,Office des transports du Canada,S,Other Statutory items listed in the Public Accounts of Canada,2021-22 Estimates To Date,0
R1A,Canadian Transportation Agency,Office des transports du Canada,S,Other Statutory items listed in the Public Accounts of Canada,2022-23 Main Estimates,0
R1A,Civilian Review and Complaints Commission for the Royal Canadian Mounted Police,Commission civile dexamen et de traitement des plaintes relatives à la Gendarmerie royale du Canada,1,Program expenditures,2020-21 Expenditures,10197756
R1A,Civilian Review and Complaints Commission for the Royal Canadian Mounted Police,Commission civile dexamen et de traitement des plaintes relatives à la Gendarmerie royale du Canada,1,Program expenditures,2021-22 Main Estimates,9345025
R1A,Civilian Review and Complaints Commission for the Royal Canadian Mounted Police,Commission civile dexamen et de traitement des plaintes relatives à la Gendarmerie royale du Canada,1,Program expenditures,2021-22 Estimates To Date,9345025
R1A,Civilian Review and Complaints Commission for the Royal Canadian Mounted Police,Commission civile dexamen et de traitement des plaintes relatives à la Gendarmerie royale du Canada,1,Program expenditures,2022-23 Main Estimates,9376774
R1A,Civilian Review and Complaints Commission for the Royal Canadian Mounted Police,Commission civile dexamen et de traitement des plaintes relatives à la Gendarmerie royale du Canada,S,Contributions to employee benefit plans,2020-21 Expenditures,1218481
R1A,Civilian Review and Complaints Commission for the Royal Canadian Mounted Police,Commission civile dexamen et de traitement des plaintes relatives à la Gendarmerie royale du Canada,S,Contributions to employee benefit plans,2021-22 Main Estimates,1080512
R1A,Civilian Review and Complaints Commission for the Royal Canadian Mounted Police,Commission civile dexamen et de traitement des plaintes relatives à la Gendarmerie royale du Canada,S,Contributions to employee benefit plans,2021-22 Estimates To Date,1080512
R1A,Civilian Review and Complaints Commission for the Royal Canadian Mounted Police,Commission civile dexamen et de traitement des plaintes relatives à la Gendarmerie royale du Canada,S,Contributions to employee benefit plans,2022-23 Main Estimates,1099875
R1A,Communications Security Establishment,Centre de la sécurité des télécommunications,1,Program expenditures,2020-21 Expenditures,733787856
R1A,Communications Security Establishment,Centre de la sécurité des télécommunications,1,Program expenditures,2021-22 Main Estimates,668829446
R1A,Communications Security Establishment,Centre de la sécurité des télécommunications,1,Program expenditures,2021-22 Estimates To Date,668829446
R1A,Communications Security Establishment,Centre de la sécurité des télécommunications,1,Program expenditures,2022-23 Main Estimates,745978292
R1A,Communications Security Establishment,Centre de la sécurité des télécommunications,S,Contributions to employee benefit plans,2020-21 Expenditures,45885813
R1A,Communications Security Establishment,Centre de la sécurité des télécommunications,S,Contributions to employee benefit plans,2021-22 Main Estimates,45728901
R1A,Communications Security Establishment,Centre de la sécurité des télécommunications,S,Contributions to employee benefit plans,2021-22 Estimates To Date,45728901
R1A,Communications Security Establishment,Centre de la sécurité des télécommunications,S,Contributions to employee benefit plans,2022-23 Main Estimates,52528180
R1A,Communications Security Establishment,Centre de la sécurité des télécommunications,S,Other Statutory items listed in the Public Accounts of Canada,2020-21 Expenditures,11874
R1A,Communications Security Establishment,Centre de la sécurité des télécommunications,S,Other Statutory items listed in the Public Accounts of Canada,2021-22 Main Estimates,0
R1A,Communications Security Establishment,Centre de la sécurité des télécommunications,S,Other Statutory items listed in the Public Accounts of Canada,2021-22 Estimates To Date,0
R1A,Communications Security Establishment,Centre de la sécurité des télécommunications,S,Other Statutory items listed in the Public Accounts of Canada,2022-23 Main Estimates,0
R1A,Copyright Board,Commission du droit dauteur,1,Program expenditures,2020-21 Expenditures,3489970
R1A,Copyright Board,Commission du droit dauteur,1,Program expenditures,2021-22 Main Estimates,3881666
R1A,Copyright Board,Commission du droit dauteur,1,Program expenditures,2021-22 Estimates To Date,3881666
R1A,Copyright Board,Commission du droit dauteur,1,Program expenditures,2022-23 Main Estimates,3888058
R1A,Copyright Board,Commission du droit dauteur,S,Contributions to employee benefit plans,2020-21 Expenditures,412418
R1A,Copyright Board,Commission du droit dauteur,S,Contributions to employee benefit plans,2021-22 Main Estimates,398141
R1A,Copyright Board,Commission du droit dauteur,S,Contributions to employee benefit plans,2021-22 Estimates To Date,398141
R1A,Copyright Board,Commission du droit dauteur,S,Contributions to employee benefit plans,2022-23 Main Estimates,404480
R1A,Correctional Service of Canada,Service correctionnel du Canada,-,Loans to individuals under mandatory supervision and parolees through the Parolees' Loan Account,2020-21 Expenditures,-33
R1A,Correctional Service of Canada,Service correctionnel du Canada,-,Loans to individuals under mandatory supervision and parolees through the Parolees' Loan Account,2021-22 Main Estimates,0
R1A,Correctional Service of Canada,Service correctionnel du Canada,-,Loans to individuals under mandatory supervision and parolees through the Parolees' Loan Account,2021-22 Estimates To Date,0
R1A,Correctional Service of Canada,Service correctionnel du Canada,-,Loans to individuals under mandatory supervision and parolees through the Parolees' Loan Account,2022-23 Main Estimates,0
R1A,Correctional Service of Canada,Service correctionnel du Canada,1,"Operating expenditures, grants and contributions",2020-21 Expenditures,2563319518
R1A,Correctional Service of Canada,Service correctionnel du Canada,1,"Operating expenditures, grants and contributions",2021-22 Main Estimates,2359350375
R1A,Correctional Service of Canada,Service correctionnel du Canada,1,"Operating expenditures, grants and contributions",2021-22 Estimates To Date,2359350375
R1A,Correctional Service of Canada,Service correctionnel du Canada,1,"Operating expenditures, grants and contributions",2022-23 Main Estimates,2578846421
R1A,Correctional Service of Canada,Service correctionnel du Canada,5,Capital expenditures,2020-21 Expenditures,121987099
R1A,Correctional Service of Canada,Service correctionnel du Canada,5,Capital expenditures,2021-22 Main Estimates,187796912
R1A,Correctional Service of Canada,Service correctionnel du Canada,5,Capital expenditures,2021-22 Estimates To Date,187796912
R1A,Correctional Service of Canada,Service correctionnel du Canada,5,Capital expenditures,2022-23 Main Estimates,213793715
R1A,Correctional Service of Canada,Service correctionnel du Canada,S,Other Statutory items listed in the Public Accounts of Canada,2020-21 Expenditures,1206793
R1A,Correctional Service of Canada,Service correctionnel du Canada,S,Other Statutory items listed in the Public Accounts of Canada,2021-22 Main Estimates,0
R1A,Correctional Service of Canada,Service correctionnel du Canada,S,Other Statutory items listed in the Public Accounts of Canada,2021-22 Estimates To Date,0
R1A,Correctional Service of Canada,Service correctionnel du Canada,S,Other Statutory items listed in the Public Accounts of Canada,2022-23 Main Estimates,0
R1A,Correctional Service of Canada,Service correctionnel du Canada,S,CORCAN Revolving Fund,2020-21 Expenditures,-3087183
R1A,Correctional Service of Canada,Service correctionnel du Canada,S,CORCAN Revolving Fund,2021-22 Main Estimates,2281904
R1A,Correctional Service of Canada,Service correctionnel du Canada,S,CORCAN Revolving Fund,2021-22 Estimates To Date,2281904
R1A,Correctional Service of Canada,Service correctionnel du Canada,S,CORCAN Revolving Fund,2022-23 Main Estimates,-204286
R1A,Correctional Service of Canada,Service correctionnel du Canada,S,Contributions to employee benefit plans,2020-21 Expenditures,247789859
R1A,Correctional Service of Canada,Service correctionnel du Canada,S,Contributions to employee benefit plans,2021-22 Main Estimates,244246204
R1A,Correctional Service of Canada,Service correctionnel du Canada,S,Contributions to employee benefit plans,2021-22 Estimates To Date,244246204
R1A,Correctional Service of Canada,Service correctionnel du Canada,S,Contributions to employee benefit plans,2022-23 Main Estimates,258291612
R1A,Courts Administration Service,Service administratif des tribunaux judiciaires,1,Program expenditures,2020-21 Expenditures,95358494
R1A,Courts Administration Service,Service administratif des tribunaux judiciaires,1,Program expenditures,2021-22 Main Estimates,85620753
R1A,Courts Administration Service,Service administratif des tribunaux judiciaires,1,Program expenditures,2021-22 Estimates To Date,85620753
R1A,Courts Administration Service,Service administratif des tribunaux judiciaires,1,Program expenditures,2022-23 Main Estimates,90763551
R1A,Courts Administration Service,Service administratif des tribunaux judiciaires,S,Other Statutory items listed in the Public Accounts of Canada,2020-21 Expenditures,3376
R1A,Courts Administration Service,Service administratif des tribunaux judiciaires,S,Other Statutory items listed in the Public Accounts of Canada,2021-22 Main Estimates,0
R1A,Courts Administration Service,Service administratif des tribunaux judiciaires,S,Other Statutory items listed in the Public Accounts of Canada,2021-22 Estimates To Date,0
R1A,Courts Administration Service,Service administratif des tribunaux judiciaires,S,Other Statutory items listed in the Public Accounts of Canada,2022-23 Main Estimates,0
R1A,Courts Administration Service,Service administratif des tribunaux judiciaires,S,Contributions to employee benefit plans,2020-21 Expenditures,9341124
R1A,Courts Administration Service,Service administratif des tribunaux judiciaires,S,Contributions to employee benefit plans,2021-22 Main Estimates,8235290
R1A,Courts Administration Service,Service administratif des tribunaux judiciaires,S,Contributions to employee benefit plans,2021-22 Estimates To Date,8235290
R1A,Courts Administration Service,Service administratif des tribunaux judiciaires,S,Contributions to employee benefit plans,2022-23 Main Estimates,8543441
R1A,Department for Women and Gender Equality,Ministère des Femmes et de l'Égalité des genres,1,Operating expenditures,2020-21 Expenditures,46322399
R1A,Department for Women and Gender Equality,Ministère des Femmes et de l'Égalité des genres,1,Operating expenditures,2021-22 Main Estimates,45345445
R1A,Department for Women and Gender Equality,Ministère des Femmes et de l'Égalité des genres,1,Operating expenditures,2021-22 Estimates To Date,45345445
R1A,Department for Women and Gender Equality,Ministère des Femmes et de l'Égalité des genres,1,Operating expenditures,2022-23 Main Estimates,58957562
R1A,Department for Women and Gender Equality,Ministère des Femmes et de l'Égalité des genres,5,Grants and contributions,2020-21 Expenditures,98143977
R1A,Department for Women and Gender Equality,Ministère des Femmes et de l'Égalité des genres,5,Grants and contributions,2021-22 Main Estimates,75544022
R1A,Department for Women and Gender Equality,Ministère des Femmes et de l'Égalité des genres,5,Grants and contributions,2021-22 Estimates To Date,75544022
R1A,Department for Women and Gender Equality,Ministère des Femmes et de l'Égalité des genres,5,Grants and contributions,2022-23 Main Estimates,245212502
R1A,Department for Women and Gender Equality,Ministère des Femmes et de l'Égalité des genres,S,Contributions to employee benefit plans,2020-21 Expenditures,4746303
R1A,Department for Women and Gender Equality,Ministère des Femmes et de l'Égalité des genres,S,Contributions to employee benefit plans,2021-22 Main Estimates,4567564
R1A,Department for Women and Gender Equality,Ministère des Femmes et de l'Égalité des genres,S,Contributions to employee benefit plans,2021-22 Estimates To Date,4567564
R1A,Department for Women and Gender Equality,Ministère des Femmes et de l'Égalité des genres,S,Contributions to employee benefit plans,2022-23 Main Estimates,6050788
R1A,Department for Women and Gender Equality,Ministère des Femmes et de l'Égalité des genres,S,Minister for Women and Gender Equality  Salary and motor car allowance ( Salaries Act  and  Parliament of Canada Act ),2020-21 Expenditures,89200
R1A,Department for Women and Gender Equality,Ministère des Femmes et de l'Égalité des genres,S,Minister for Women and Gender Equality  Salary and motor car allowance ( Salaries Act  and  Parliament of Canada Act ),2021-22 Main Estimates,90500
R1A,Department for Women and Gender Equality,Ministère des Femmes et de l'Égalité des genres,S,Minister for Women and Gender Equality  Salary and motor car allowance ( Salaries Act  and  Parliament of Canada Act ),2021-22 Estimates To Date,90500
R1A,Department for Women and Gender Equality,Ministère des Femmes et de l'Égalité des genres,S,Minister for Women and Gender Equality  Salary and motor car allowance ( Salaries Act  and  Parliament of Canada Act ),2022-23 Main Estimates,92500
R1A,Department for Women and Gender Equality,Ministère des Femmes et de l'Égalité des genres,S,Other Statutory items listed in the Public Accounts of Canada,2020-21 Expenditures,183
R1A,Department for Women and Gender Equality,Ministère des Femmes et de l'Égalité des genres,S,Other Statutory items listed in the Public Accounts of Canada,2021-22 Main Estimates,0
R1A,Department for Women and Gender Equality,Ministère des Femmes et de l'Égalité des genres,S,Other Statutory items listed in the Public Accounts of Canada,2021-22 Estimates To Date,0
R1A,Department for Women and Gender Equality,Ministère des Femmes et de l'Égalité des genres,S,Other Statutory items listed in the Public Accounts of Canada,2022-23 Main Estimates,0
R1A,Department for Women and Gender Equality,Ministère des Femmes et de l'Égalité des genres,S,Payments to support womens shelters and sexual assault centres pursuant to the  Public Health Events of National Concern Payments Act,2020-21 Expenditures,30000000
R1A,Department for Women and Gender Equality,Ministère des Femmes et de l'Égalité des genres,S,Payments to support womens shelters and sexual assault centres pursuant to the  Public Health Events of National Concern Payments Act,2021-22 Main Estimates,0
R1A,Department for Women and Gender Equality,Ministère des Femmes et de l'Égalité des genres,S,Payments to support womens shelters and sexual assault centres pursuant to the  Public Health Events of National Concern Payments Act,2021-22 Estimates To Date,0
R1A,Department for Women and Gender Equality,Ministère des Femmes et de l'Égalité des genres,S,Payments to support womens shelters and sexual assault centres pursuant to the  Public Health Events of National Concern Payments Act,2022-23 Main Estimates,0
R1A,Department for Women and Gender Equality,Ministère des Femmes et de l'Égalité des genres,S,Payments to address gender-based violence pursuant to the  Public Health Events of National Concern Payments Act,2020-21 Expenditures,40161324
R1A,Department for Women and Gender Equality,Ministère des Femmes et de l'Égalité des genres,S,Payments to address gender-based violence pursuant to the  Public Health Events of National Concern Payments Act,2021-22 Main Estimates,0
R1A,Department for Women and Gender Equality,Ministère des Femmes et de l'Égalité des genres,S,Payments to address gender-based violence pursuant to the  Public Health Events of National Concern Payments Act,2021-22 Estimates To Date,0
R1A,Department for Women and Gender Equality,Ministère des Femmes et de l'Égalité des genres,S,Payments to address gender-based violence pursuant to the  Public Health Events of National Concern Payments Act,2022-23 Main Estimates,0
R1A,Department of Agriculture and Agri-Food,Ministère de lAgriculture et de l'Agroalimentaire,1,Operating expenditures,2020-21 Expenditures,614071679
R1A,Department of Agriculture and Agri-Food,Ministère de lAgriculture et de l'Agroalimentaire,1,Operating expenditures,2021-22 Main Estimates,605035536
R1A,Department of Agriculture and Agri-Food,Ministère de lAgriculture et de l'Agroalimentaire,1,Operating expenditures,2021-22 Estimates To Date,605035536
R1A,Department of Agriculture and Agri-Food,Ministère de lAgriculture et de l'Agroalimentaire,1,Operating expenditures,2022-23 Main Estimates,608022545
R1A,Department of Agriculture and Agri-Food,Ministère de lAgriculture et de l'Agroalimentaire,5,Capital expenditures,2020-21 Expenditures,47432694
R1A,Department of Agriculture and Agri-Food,Ministère de lAgriculture et de l'Agroalimentaire,5,Capital expenditures,2021-22 Main Estimates,49005131
R1A,Department of Agriculture and Agri-Food,Ministère de lAgriculture et de l'Agroalimentaire,5,Capital expenditures,2021-22 Estimates To Date,49005131
R1A,Department of Agriculture and Agri-Food,Ministère de lAgriculture et de l'Agroalimentaire,5,Capital expenditures,2022-23 Main Estimates,38309523
R1A,Department of Agriculture and Agri-Food,Ministère de lAgriculture et de l'Agroalimentaire,10,Grants and contributions,2020-21 Expenditures,512343128
R1A,Department of Agriculture and Agri-Food,Ministère de lAgriculture et de l'Agroalimentaire,10,Grants and contributions,2021-22 Main Estimates,407506869
R1A,Department of Agriculture and Agri-Food,Ministère de lAgriculture et de l'Agroalimentaire,10,Grants and contributions,2021-22 Estimates To Date,407506869
R1A,Department of Agriculture and Agri-Food,Ministère de lAgriculture et de l'Agroalimentaire,10,Grants and contributions,2022-23 Main Estimates,582506527
R1A,Department of Agriculture and Agri-Food,Ministère de lAgriculture et de l'Agroalimentaire,S,"Grants to agencies established under the  Farm Products Agencies Act  (R.S.C., 1985, c. F-4)",2020-21 Expenditures,0
R1A,Department of Agriculture and Agri-Food,Ministère de lAgriculture et de l'Agroalimentaire,S,"Grants to agencies established under the  Farm Products Agencies Act  (R.S.C., 1985, c. F-4)",2021-22 Main Estimates,100000
R1A,Department of Agriculture and Agri-Food,Ministère de lAgriculture et de l'Agroalimentaire,S,"Grants to agencies established under the  Farm Products Agencies Act  (R.S.C., 1985, c. F-4)",2021-22 Estimates To Date,100000
R1A,Department of Agriculture and Agri-Food,Ministère de lAgriculture et de l'Agroalimentaire,S,"Grants to agencies established under the  Farm Products Agencies Act  (R.S.C., 1985, c. F-4)",2022-23 Main Estimates,100000
R1A,Department of Agriculture and Agri-Food,Ministère de lAgriculture et de l'Agroalimentaire,S,Loans pursuant to section 17 (1) of the  Farm Income Protection Act,2020-21 Expenditures,25288431
R1A,Department of Agriculture and Agri-Food,Ministère de lAgriculture et de l'Agroalimentaire,S,Loans pursuant to section 17 (1) of the  Farm Income Protection Act,2021-22 Main Estimates,0
R1A,Department of Agriculture and Agri-Food,Ministère de lAgriculture et de l'Agroalimentaire,S,Loans pursuant to section 17 (1) of the  Farm Income Protection Act,2021-22 Estimates To Date,0
R1A,Department of Agriculture and Agri-Food,Ministère de lAgriculture et de l'Agroalimentaire,S,Loans pursuant to section 17 (1) of the  Farm Income Protection Act,2022-23 Main Estimates,0
R1A,Department of Agriculture and Agri-Food,Ministère de lAgriculture et de l'Agroalimentaire,S,Payments to address the outbreak of COVID-19 among temporary foreign workers on farms pursuant to the  Public Health Events of National  Concern Payments Act,2020-21 Expenditures,5000000
R1A,Department of Agriculture and Agri-Food,Ministère de lAgriculture et de l'Agroalimentaire,S,Payments to address the outbreak of COVID-19 among temporary foreign workers on farms pursuant to the  Public Health Events of National  Concern Payments Act,2021-22 Main Estimates,0
R1A,Department of Agriculture and Agri-Food,Ministère de lAgriculture et de l'Agroalimentaire,S,Payments to address the outbreak of COVID-19 among temporary foreign workers on farms pursuant to the  Public Health Events of National  Concern Payments Act,2021-22 Estimates To Date,0
R1A,Department of Agriculture and Agri-Food,Ministère de lAgriculture et de l'Agroalimentaire,S,Payments to address the outbreak of COVID-19 among temporary foreign workers on farms pursuant to the  Public Health Events of National  Concern Payments Act,2022-23 Main Estimates,0
R1A,Department of Agriculture and Agri-Food,Ministère de lAgriculture et de l'Agroalimentaire,S,Payments to support students and youth impacted by COVID-19 pursuant to the  Public Health Events of National Concern Payments Act,2020-21 Expenditures,1717793
R1A,Department of Agriculture and Agri-Food,Ministère de lAgriculture et de l'Agroalimentaire,S,Payments to support students and youth impacted by COVID-19 pursuant to the  Public Health Events of National Concern Payments Act,2021-22 Main Estimates,0
R1A,Department of Agriculture and Agri-Food,Ministère de lAgriculture et de l'Agroalimentaire,S,Payments to support students and youth impacted by COVID-19 pursuant to the  Public Health Events of National Concern Payments Act,2021-22 Estimates To Date,0
R1A,Department of Agriculture and Agri-Food,Ministère de lAgriculture et de l'Agroalimentaire,S,Payments to support students and youth impacted by COVID-19 pursuant to the  Public Health Events of National Concern Payments Act,2022-23 Main Estimates,0
R1A,Department of Agriculture and Agri-Food,Ministère de lAgriculture et de l'Agroalimentaire,S,Payments for the Surplus Food Purchase Program pursuant to the  Public Health Events of National Concern Payments Act,2020-21 Expenditures,48543048
R1A,Department of Agriculture and Agri-Food,Ministère de lAgriculture et de l'Agroalimentaire,S,Payments for the Surplus Food Purchase Program pursuant to the  Public Health Events of National Concern Payments Act,2021-22 Main Estimates,0
R1A,Department of Agriculture and Agri-Food,Ministère de lAgriculture et de l'Agroalimentaire,S,Payments for the Surplus Food Purchase Program pursuant to the  Public Health Events of National Concern Payments Act,2021-22 Estimates To Date,0
R1A,Department of Agriculture and Agri-Food,Ministère de lAgriculture et de l'Agroalimentaire,S,Payments for the Surplus Food Purchase Program pursuant to the  Public Health Events of National Concern Payments Act,2022-23 Main Estimates,0
R1A,Department of Agriculture and Agri-Food,Ministère de lAgriculture et de l'Agroalimentaire,S,Payments for the Emergency Processing Fund pursuant to the  Public Health Events of National Concern Payments Act,2020-21 Expenditures,62500000
R1A,Department of Agriculture and Agri-Food,Ministère de lAgriculture et de l'Agroalimentaire,S,Payments for the Emergency Processing Fund pursuant to the  Public Health Events of National Concern Payments Act,2021-22 Main Estimates,0
R1A,Department of Agriculture and Agri-Food,Ministère de lAgriculture et de l'Agroalimentaire,S,Payments for the Emergency Processing Fund pursuant to the  Public Health Events of National Concern Payments Act,2021-22 Estimates To Date,0
R1A,Department of Agriculture and Agri-Food,Ministère de lAgriculture et de l'Agroalimentaire,S,Payments for the Emergency Processing Fund pursuant to the  Public Health Events of National Concern Payments Act,2022-23 Main Estimates,0
R1A,Department of Agriculture and Agri-Food,Ministère de lAgriculture et de l'Agroalimentaire,S,Payments to support temporary foreign workers pursuant to the  Public Health Events of National Concern Payments Act,2020-21 Expenditures,36875444
R1A,Department of Agriculture and Agri-Food,Ministère de lAgriculture et de l'Agroalimentaire,S,Payments to support temporary foreign workers pursuant to the  Public Health Events of National Concern Payments Act,2021-22 Main Estimates,0
R1A,Department of Agriculture and Agri-Food,Ministère de lAgriculture et de l'Agroalimentaire,S,Payments to support temporary foreign workers pursuant to the  Public Health Events of National Concern Payments Act,2021-22 Estimates To Date,0
R1A,Department of Agriculture and Agri-Food,Ministère de lAgriculture et de l'Agroalimentaire,S,Payments to support temporary foreign workers pursuant to the  Public Health Events of National Concern Payments Act,2022-23 Main Estimates,0
R1A,Department of Agriculture and Agri-Food,Ministère de lAgriculture et de l'Agroalimentaire,S,Payments to the Local Food Infrastructure Fund pursuant to the  Public Health Events of National Concern Payments Act,2020-21 Expenditures,125000000
R1A,Department of Agriculture and Agri-Food,Ministère de lAgriculture et de l'Agroalimentaire,S,Payments to the Local Food Infrastructure Fund pursuant to the  Public Health Events of National Concern Payments Act,2021-22 Main Estimates,0
R1A,Department of Agriculture and Agri-Food,Ministère de lAgriculture et de l'Agroalimentaire,S,Payments to the Local Food Infrastructure Fund pursuant to the  Public Health Events of National Concern Payments Act,2021-22 Estimates To Date,0
R1A,Department of Agriculture and Agri-Food,Ministère de lAgriculture et de l'Agroalimentaire,S,Payments to the Local Food Infrastructure Fund pursuant to the  Public Health Events of National Concern Payments Act,2022-23 Main Estimates,0
R1A,Department of Agriculture and Agri-Food,Ministère de lAgriculture et de l'Agroalimentaire,S,Contribution payments for the Agricultural Disaster Relief program/AgriRecovery ( Farm Income Protection Act ),2020-21 Expenditures,21267302
R1A,Department of Agriculture and Agri-Food,Ministère de lAgriculture et de l'Agroalimentaire,S,Contribution payments for the Agricultural Disaster Relief program/AgriRecovery ( Farm Income Protection Act ),2021-22 Main Estimates,118513335
R1A,Department of Agriculture and Agri-Food,Ministère de lAgriculture et de l'Agroalimentaire,S,Contribution payments for the Agricultural Disaster Relief program/AgriRecovery ( Farm Income Protection Act ),2021-22 Estimates To Date,118513335
R1A,Department of Agriculture and Agri-Food,Ministère de lAgriculture et de l'Agroalimentaire,S,Contribution payments for the Agricultural Disaster Relief program/AgriRecovery ( Farm Income Protection Act ),2022-23 Main Estimates,118513335
R1A,Department of Agriculture and Agri-Food,Ministère de lAgriculture et de l'Agroalimentaire,S,Loan guarantees under the  Canadian Agricultural Loans Act,2020-21 Expenditures,1153635
R1A,Department of Agriculture and Agri-Food,Ministère de lAgriculture et de l'Agroalimentaire,S,Loan guarantees under the  Canadian Agricultural Loans Act,2021-22 Main Estimates,13111013
R1A,Department of Agriculture and Agri-Food,Ministère de lAgriculture et de l'Agroalimentaire,S,Loan guarantees under the  Canadian Agricultural Loans Act,2021-22 Estimates To Date,13111013
R1A,Department of Agriculture and Agri-Food,Ministère de lAgriculture et de l'Agroalimentaire,S,Loan guarantees under the  Canadian Agricultural Loans Act,2022-23 Main Estimates,13111013
R1A,Department of Agriculture and Agri-Food,Ministère de lAgriculture et de l'Agroalimentaire,S,"Payments in connection with the  Agricultural Marketing Programs  Act  (S.C., 1997, c. C-34)",2020-21 Expenditures,24226244
R1A,Department of Agriculture and Agri-Food,Ministère de lAgriculture et de l'Agroalimentaire,S,"Payments in connection with the  Agricultural Marketing Programs  Act  (S.C., 1997, c. C-34)",2021-22 Main Estimates,104800000
R1A,Department of Agriculture and Agri-Food,Ministère de lAgriculture et de l'Agroalimentaire,S,"Payments in connection with the  Agricultural Marketing Programs  Act  (S.C., 1997, c. C-34)",2021-22 Estimates To Date,104800000
R1A,Department of Agriculture and Agri-Food,Ministère de lAgriculture et de l'Agroalimentaire,S,"Payments in connection with the  Agricultural Marketing Programs  Act  (S.C., 1997, c. C-34)",2022-23 Main Estimates,109000000
R1A,Department of Agriculture and Agri-Food,Ministère de lAgriculture et de l'Agroalimentaire,S,Contribution payments for the AgriInvest program ( Farm Income Protection Act ),2020-21 Expenditures,26338404
R1A,Department of Agriculture and Agri-Food,Ministère de lAgriculture et de l'Agroalimentaire,S,Contribution payments for the AgriInvest program ( Farm Income Protection Act ),2021-22 Main Estimates,16550000
R1A,Department of Agriculture and Agri-Food,Ministère de lAgriculture et de l'Agroalimentaire,S,Contribution payments for the AgriInvest program ( Farm Income Protection Act ),2021-22 Estimates To Date,16550000
R1A,Department of Agriculture and Agri-Food,Ministère de lAgriculture et de l'Agroalimentaire,S,Contribution payments for the AgriInvest program ( Farm Income Protection Act ),2022-23 Main Estimates,16550000
R1A,Department of Agriculture and Agri-Food,Ministère de lAgriculture et de l'Agroalimentaire,S,Contribution payments for the AgriStability program ( Farm Income Protection Act ),2020-21 Expenditures,189939788
R1A,Department of Agriculture and Agri-Food,Ministère de lAgriculture et de l'Agroalimentaire,S,Contribution payments for the AgriStability program ( Farm Income Protection Act ),2021-22 Main Estimates,387230000
R1A,Department of Agriculture and Agri-Food,Ministère de lAgriculture et de l'Agroalimentaire,S,Contribution payments for the AgriStability program ( Farm Income Protection Act ),2021-22 Estimates To Date,387230000
R1A,Department of Agriculture and Agri-Food,Ministère de lAgriculture et de l'Agroalimentaire,S,Contribution payments for the AgriStability program ( Farm Income Protection Act ),2022-23 Main Estimates,434938961
R1A,Department of Agriculture and Agri-Food,Ministère de lAgriculture et de l'Agroalimentaire,S,Contribution payments for the AgriInsurance program ( Farm Income Protection Act ),2020-21 Expenditures,645912746
R1A,Department of Agriculture and Agri-Food,Ministère de lAgriculture et de l'Agroalimentaire,S,Contribution payments for the AgriInsurance program ( Farm Income Protection Act ),2021-22 Main Estimates,623000000
R1A,Department of Agriculture and Agri-Food,Ministère de lAgriculture et de l'Agroalimentaire,S,Contribution payments for the AgriInsurance program ( Farm Income Protection Act ),2021-22 Estimates To Date,623000000
R1A,Department of Agriculture and Agri-Food,Ministère de lAgriculture et de l'Agroalimentaire,S,Contribution payments for the AgriInsurance program ( Farm Income Protection Act ),2022-23 Main Estimates,623000000
R1A,Department of Agriculture and Agri-Food,Ministère de lAgriculture et de l'Agroalimentaire,S,Grant payments for the Dairy Direct Payment Program ( Farm Income Protection Act ),2020-21 Expenditures,459400130
R1A,Department of Agriculture and Agri-Food,Ministère de lAgriculture et de l'Agroalimentaire,S,Grant payments for the Dairy Direct Payment Program ( Farm Income Protection Act ),2021-22 Main Estimates,469000000
R1A,Department of Agriculture and Agri-Food,Ministère de lAgriculture et de l'Agroalimentaire,S,Grant payments for the Dairy Direct Payment Program ( Farm Income Protection Act ),2021-22 Estimates To Date,469000000
R1A,Department of Agriculture and Agri-Food,Ministère de lAgriculture et de l'Agroalimentaire,S,Grant payments for the Dairy Direct Payment Program ( Farm Income Protection Act ),2022-23 Main Estimates,468000000
R1A,Department of Agriculture and Agri-Food,Ministère de lAgriculture et de l'Agroalimentaire,S,Grant payments for the AgriInvest program ( Farm Income Protection Act ),2020-21 Expenditures,129092905
R1A,Department of Agriculture and Agri-Food,Ministère de lAgriculture et de l'Agroalimentaire,S,Grant payments for the AgriInvest program ( Farm Income Protection Act ),2021-22 Main Estimates,122910000
R1A,Department of Agriculture and Agri-Food,Ministère de lAgriculture et de l'Agroalimentaire,S,Grant payments for the AgriInvest program ( Farm Income Protection Act ),2021-22 Estimates To Date,122910000
R1A,Department of Agriculture and Agri-Food,Ministère de lAgriculture et de l'Agroalimentaire,S,Grant payments for the AgriInvest program ( Farm Income Protection Act ),2022-23 Main Estimates,122910000
R1A,Department of Agriculture and Agri-Food,Ministère de lAgriculture et de l'Agroalimentaire,S,Grant payments for the AgriStability program ( Farm Income Protection Act ),2020-21 Expenditures,25870749
R1A,Department of Agriculture and Agri-Food,Ministère de lAgriculture et de l'Agroalimentaire,S,Grant payments for the AgriStability program ( Farm Income Protection Act ),2021-22 Main Estimates,39320000
R1A,Department of Agriculture and Agri-Food,Ministère de lAgriculture et de l'Agroalimentaire,S,Grant payments for the AgriStability program ( Farm Income Protection Act ),2021-22 Estimates To Date,39320000
R1A,Department of Agriculture and Agri-Food,Ministère de lAgriculture et de l'Agroalimentaire,S,Grant payments for the AgriStability program ( Farm Income Protection Act ),2022-23 Main Estimates,48221419
R1A,Department of Agriculture and Agri-Food,Ministère de lAgriculture et de l'Agroalimentaire,S,Other Statutory items listed in the Public Accounts of Canada,2020-21 Expenditures,-8317842
R1A,Department of Agriculture and Agri-Food,Ministère de lAgriculture et de l'Agroalimentaire,S,Other Statutory items listed in the Public Accounts of Canada,2021-22 Main Estimates,0
R1A,Department of Agriculture and Agri-Food,Ministère de lAgriculture et de l'Agroalimentaire,S,Other Statutory items listed in the Public Accounts of Canada,2021-22 Estimates To Date,0
R1A,Department of Agriculture and Agri-Food,Ministère de lAgriculture et de l'Agroalimentaire,S,Other Statutory items listed in the Public Accounts of Canada,2022-23 Main Estimates,0
R1A,Department of Agriculture and Agri-Food,Ministère de lAgriculture et de l'Agroalimentaire,S,Canadian Pari-Mutuel Agency Revolving Fund ( Revolving Funds Act ),2020-21 Expenditures,1368493
R1A,Department of Agriculture and Agri-Food,Ministère de lAgriculture et de l'Agroalimentaire,S,Canadian Pari-Mutuel Agency Revolving Fund ( Revolving Funds Act ),2021-22 Main Estimates,0
R1A,Department of Agriculture and Agri-Food,Ministère de lAgriculture et de l'Agroalimentaire,S,Canadian Pari-Mutuel Agency Revolving Fund ( Revolving Funds Act ),2021-22 Estimates To Date,0
R1A,Department of Agriculture and Agri-Food,Ministère de lAgriculture et de l'Agroalimentaire,S,Canadian Pari-Mutuel Agency Revolving Fund ( Revolving Funds Act ),2022-23 Main Estimates,1209418
R1A,Department of Agriculture and Agri-Food,Ministère de lAgriculture et de l'Agroalimentaire,S,Minister of Agriculture and Agri-Food  Salary and motor car allowance ( Salaries Act  and  Parliament of Canada Act ),2020-21 Expenditures,89200
R1A,Department of Agriculture and Agri-Food,Ministère de lAgriculture et de l'Agroalimentaire,S,Minister of Agriculture and Agri-Food  Salary and motor car allowance ( Salaries Act  and  Parliament of Canada Act ),2021-22 Main Estimates,90500
R1A,Department of Agriculture and Agri-Food,Ministère de lAgriculture et de l'Agroalimentaire,S,Minister of Agriculture and Agri-Food  Salary and motor car allowance ( Salaries Act  and  Parliament of Canada Act ),2021-22 Estimates To Date,90500
R1A,Department of Agriculture and Agri-Food,Ministère de lAgriculture et de l'Agroalimentaire,S,Minister of Agriculture and Agri-Food  Salary and motor car allowance ( Salaries Act  and  Parliament of Canada Act ),2022-23 Main Estimates,92500
R1A,Department of Agriculture and Agri-Food,Ministère de lAgriculture et de l'Agroalimentaire,S,Contributions to employee benefit plans,2020-21 Expenditures,67789855
R1A,Department of Agriculture and Agri-Food,Ministère de lAgriculture et de l'Agroalimentaire,S,Contributions to employee benefit plans,2021-22 Main Estimates,66642453
R1A,Department of Agriculture and Agri-Food,Ministère de lAgriculture et de l'Agroalimentaire,S,Contributions to employee benefit plans,2021-22 Estimates To Date,66642453
R1A,Department of Agriculture and Agri-Food,Ministère de lAgriculture et de l'Agroalimentaire,S,Contributions to employee benefit plans,2022-23 Main Estimates,68881237
R1A,Department of Canadian Heritage,Ministère du Patrimoine canadien,1,Operating expenditures,2020-21 Expenditures,216160906
R1A,Department of Canadian Heritage,Ministère du Patrimoine canadien,1,Operating expenditures,2021-22 Main Estimates,210280706
R1A,Department of Canadian Heritage,Ministère du Patrimoine canadien,1,Operating expenditures,2021-22 Estimates To Date,210280706
R1A,Department of Canadian Heritage,Ministère du Patrimoine canadien,1,Operating expenditures,2022-23 Main Estimates,228512005
R1A,Department of Canadian Heritage,Ministère du Patrimoine canadien,5,Grants and contributions,2020-21 Expenditures,1295750508
R1A,Department of Canadian Heritage,Ministère du Patrimoine canadien,5,Grants and contributions,2021-22 Main Estimates,1298495542
R1A,Department of Canadian Heritage,Ministère du Patrimoine canadien,5,Grants and contributions,2021-22 Estimates To Date,1298495542
R1A,Department of Canadian Heritage,Ministère du Patrimoine canadien,5,Grants and contributions,2022-23 Main Estimates,1924897220
R1A,Department of Canadian Heritage,Ministère du Patrimoine canadien,S,Minister of Sport and Minister responsible for the Economic Development Agency of Canada  Salary and motor car allowance ( Salaries Act and  Parliament of Canada Act ),2020-21 Expenditures,0
R1A,Department of Canadian Heritage,Ministère du Patrimoine canadien,S,Minister of Sport and Minister responsible for the Economic Development Agency of Canada  Salary and motor car allowance ( Salaries Act and  Parliament of Canada Act ),2021-22 Main Estimates,0
R1A,Department of Canadian Heritage,Ministère du Patrimoine canadien,S,Minister of Sport and Minister responsible for the Economic Development Agency of Canada  Salary and motor car allowance ( Salaries Act and  Parliament of Canada Act ),2021-22 Estimates To Date,0
R1A,Department of Canadian Heritage,Ministère du Patrimoine canadien,S,Minister of Sport and Minister responsible for the Economic Development Agency of Canada  Salary and motor car allowance ( Salaries Act and  Parliament of Canada Act ),2022-23 Main Estimates,92500
R1A,Department of Canadian Heritage,Ministère du Patrimoine canadien,S,Contributions to employee benefit plans,2020-21 Expenditures,26302812
R1A,Department of Canadian Heritage,Ministère du Patrimoine canadien,S,Contributions to employee benefit plans,2021-22 Main Estimates,25696069
R1A,Department of Canadian Heritage,Ministère du Patrimoine canadien,S,Contributions to employee benefit plans,2021-22 Estimates To Date,25696069
R1A,Department of Canadian Heritage,Ministère du Patrimoine canadien,S,Contributions to employee benefit plans,2022-23 Main Estimates,28755564
R1A,Department of Canadian Heritage,Ministère du Patrimoine canadien,S,Minister of Canadian Heritage  Salary and motor car allowance ( Salaries Act  and  Parliament of Canada Act ),2020-21 Expenditures,89200
R1A,Department of Canadian Heritage,Ministère du Patrimoine canadien,S,Minister of Canadian Heritage  Salary and motor car allowance ( Salaries Act  and  Parliament of Canada Act ),2021-22 Main Estimates,90500
R1A,Department of Canadian Heritage,Ministère du Patrimoine canadien,S,Minister of Canadian Heritage  Salary and motor car allowance ( Salaries Act  and  Parliament of Canada Act ),2021-22 Estimates To Date,90500
R1A,Department of Canadian Heritage,Ministère du Patrimoine canadien,S,Minister of Canadian Heritage  Salary and motor car allowance ( Salaries Act  and  Parliament of Canada Act ),2022-23 Main Estimates,92500
R1A,Department of Canadian Heritage,Ministère du Patrimoine canadien,S,Payments to support students and youth impacted by COVID-19 pursuant to the  Public Health Events of National Concern Payments Act,2020-21 Expenditures,15000000
R1A,Department of Canadian Heritage,Ministère du Patrimoine canadien,S,Payments to support students and youth impacted by COVID-19 pursuant to the  Public Health Events of National Concern Payments Act,2021-22 Main Estimates,0
R1A,Department of Canadian Heritage,Ministère du Patrimoine canadien,S,Payments to support students and youth impacted by COVID-19 pursuant to the  Public Health Events of National Concern Payments Act,2021-22 Estimates To Date,0
R1A,Department of Canadian Heritage,Ministère du Patrimoine canadien,S,Payments to support students and youth impacted by COVID-19 pursuant to the  Public Health Events of National Concern Payments Act,2022-23 Main Estimates,0
R1A,Department of Canadian Heritage,Ministère du Patrimoine canadien,S,"Payments to establish a COVID-19 Emergency Support Fund for Cultural, Heritage and Sport Organizations pursuant to the  Public Health Events  of National Concern Payments Act",2020-21 Expenditures,405430389
R1A,Department of Canadian Heritage,Ministère du Patrimoine canadien,S,"Payments to establish a COVID-19 Emergency Support Fund for Cultural, Heritage and Sport Organizations pursuant to the  Public Health Events  of National Concern Payments Act",2021-22 Main Estimates,0
R1A,Department of Canadian Heritage,Ministère du Patrimoine canadien,S,"Payments to establish a COVID-19 Emergency Support Fund for Cultural, Heritage and Sport Organizations pursuant to the  Public Health Events  of National Concern Payments Act",2021-22 Estimates To Date,0
R1A,Department of Canadian Heritage,Ministère du Patrimoine canadien,S,"Payments to establish a COVID-19 Emergency Support Fund for Cultural, Heritage and Sport Organizations pursuant to the  Public Health Events  of National Concern Payments Act",2022-23 Main Estimates,0
R1A,Department of Canadian Heritage,Ministère du Patrimoine canadien,S,Minister of State (Minister of Diversity and Inclusion and Youth)  Motor car allowance ( Parliament of Canada Act ),2020-21 Expenditures,2000
R1A,Department of Canadian Heritage,Ministère du Patrimoine canadien,S,Minister of State (Minister of Diversity and Inclusion and Youth)  Motor car allowance ( Parliament of Canada Act ),2021-22 Main Estimates,2000
R1A,Department of Canadian Heritage,Ministère du Patrimoine canadien,S,Minister of State (Minister of Diversity and Inclusion and Youth)  Motor car allowance ( Parliament of Canada Act ),2021-22 Estimates To Date,2000
R1A,Department of Canadian Heritage,Ministère du Patrimoine canadien,S,Minister of State (Minister of Diversity and Inclusion and Youth)  Motor car allowance ( Parliament of Canada Act ),2022-23 Main Estimates,0
R1A,Department of Canadian Heritage,Ministère du Patrimoine canadien,S,Salaries of the Lieutenant-Governors ( Salaries Act ),2020-21 Expenditures,1546402
R1A,Department of Canadian Heritage,Ministère du Patrimoine canadien,S,Salaries of the Lieutenant-Governors ( Salaries Act ),2021-22 Main Estimates,1196000
R1A,Department of Canadian Heritage,Ministère du Patrimoine canadien,S,Salaries of the Lieutenant-Governors ( Salaries Act ),2021-22 Estimates To Date,1196000
R1A,Department of Canadian Heritage,Ministère du Patrimoine canadien,S,Salaries of the Lieutenant-Governors ( Salaries Act ),2022-23 Main Estimates,1196000
R1A,Department of Canadian Heritage,Ministère du Patrimoine canadien,S,Supplementary Retirement Benefits  Former Lieutenant-Governors ( Supplementary Retirement Benefits Act ),2020-21 Expenditures,223746
R1A,Department of Canadian Heritage,Ministère du Patrimoine canadien,S,Supplementary Retirement Benefits  Former Lieutenant-Governors ( Supplementary Retirement Benefits Act ),2021-22 Main Estimates,182000
R1A,Department of Canadian Heritage,Ministère du Patrimoine canadien,S,Supplementary Retirement Benefits  Former Lieutenant-Governors ( Supplementary Retirement Benefits Act ),2021-22 Estimates To Date,182000
R1A,Department of Canadian Heritage,Ministère du Patrimoine canadien,S,Supplementary Retirement Benefits  Former Lieutenant-Governors ( Supplementary Retirement Benefits Act ),2022-23 Main Estimates,182000
R1A,Department of Canadian Heritage,Ministère du Patrimoine canadien,S,"Payments under the  Lieutenant Governors Superannuation Act    (R.S.C., 1985, c. L-8)",2020-21 Expenditures,1021472
R1A,Department of Canadian Heritage,Ministère du Patrimoine canadien,S,"Payments under the  Lieutenant Governors Superannuation Act    (R.S.C., 1985, c. L-8)",2021-22 Main Estimates,637000
R1A,Department of Canadian Heritage,Ministère du Patrimoine canadien,S,"Payments under the  Lieutenant Governors Superannuation Act    (R.S.C., 1985, c. L-8)",2021-22 Estimates To Date,637000
R1A,Department of Canadian Heritage,Ministère du Patrimoine canadien,S,"Payments under the  Lieutenant Governors Superannuation Act    (R.S.C., 1985, c. L-8)",2022-23 Main Estimates,637000
R1A,Department of Canadian Heritage,Ministère du Patrimoine canadien,S,Other Statutory items listed in the Public Accounts of Canada,2020-21 Expenditures,14812
R1A,Department of Canadian Heritage,Ministère du Patrimoine canadien,S,Other Statutory items listed in the Public Accounts of Canada,2021-22 Main Estimates,0
R1A,Department of Canadian Heritage,Ministère du Patrimoine canadien,S,Other Statutory items listed in the Public Accounts of Canada,2021-22 Estimates To Date,0
R1A,Department of Canadian Heritage,Ministère du Patrimoine canadien,S,Other Statutory items listed in the Public Accounts of Canada,2022-23 Main Estimates,0
R1A,Department of Citizenship and Immigration,Ministère de la Citoyenneté et de lImmigration,1,Operating expenditures,2020-21 Expenditures,1035081680
R1A,Department of Citizenship and Immigration,Ministère de la Citoyenneté et de lImmigration,1,Operating expenditures,2021-22 Main Estimates,1276918158
R1A,Department of Citizenship and Immigration,Ministère de la Citoyenneté et de lImmigration,1,Operating expenditures,2021-22 Estimates To Date,1276918158
R1A,Department of Citizenship and Immigration,Ministère de la Citoyenneté et de lImmigration,1,Operating expenditures,2022-23 Main Estimates,1539424462
R1A,Department of Citizenship and Immigration,Ministère de la Citoyenneté et de lImmigration,5,Capital expenditures,2020-21 Expenditures,14993379
R1A,Department of Citizenship and Immigration,Ministère de la Citoyenneté et de lImmigration,5,Capital expenditures,2021-22 Main Estimates,32934299
R1A,Department of Citizenship and Immigration,Ministère de la Citoyenneté et de lImmigration,5,Capital expenditures,2021-22 Estimates To Date,32934299
R1A,Department of Citizenship and Immigration,Ministère de la Citoyenneté et de lImmigration,5,Capital expenditures,2022-23 Main Estimates,30355221
R1A,Department of Citizenship and Immigration,Ministère de la Citoyenneté et de lImmigration,10,Grants and contributions,2020-21 Expenditures,1699198193
R1A,Department of Citizenship and Immigration,Ministère de la Citoyenneté et de lImmigration,10,Grants and contributions,2021-22 Main Estimates,1690568408
R1A,Department of Citizenship and Immigration,Ministère de la Citoyenneté et de lImmigration,10,Grants and contributions,2021-22 Estimates To Date,1690568408
R1A,Department of Citizenship and Immigration,Ministère de la Citoyenneté et de lImmigration,10,Grants and contributions,2022-23 Main Estimates,2126826012
R1A,Department of Citizenship and Immigration,Ministère de la Citoyenneté et de lImmigration,S,Contributions to employee benefit plans,2020-21 Expenditures,93351331
R1A,Department of Citizenship and Immigration,Ministère de la Citoyenneté et de lImmigration,S,Contributions to employee benefit plans,2021-22 Main Estimates,85445770
R1A,Department of Citizenship and Immigration,Ministère de la Citoyenneté et de lImmigration,S,Contributions to employee benefit plans,2021-22 Estimates To Date,85445770
R1A,Department of Citizenship and Immigration,Ministère de la Citoyenneté et de lImmigration,S,Contributions to employee benefit plans,2022-23 Main Estimates,101086126
R1A,Department of Citizenship and Immigration,Ministère de la Citoyenneté et de lImmigration,S,"Minister of Immigration, Refugees and Citizenship  Salary and motor car allowance ( Salaries Act  and  Parliament of Canada Act )",2020-21 Expenditures,89200
R1A,Department of Citizenship and Immigration,Ministère de la Citoyenneté et de lImmigration,S,"Minister of Immigration, Refugees and Citizenship  Salary and motor car allowance ( Salaries Act  and  Parliament of Canada Act )",2021-22 Main Estimates,90500
R1A,Department of Citizenship and Immigration,Ministère de la Citoyenneté et de lImmigration,S,"Minister of Immigration, Refugees and Citizenship  Salary and motor car allowance ( Salaries Act  and  Parliament of Canada Act )",2021-22 Estimates To Date,90500
R1A,Department of Citizenship and Immigration,Ministère de la Citoyenneté et de lImmigration,S,"Minister of Immigration, Refugees and Citizenship  Salary and motor car allowance ( Salaries Act  and  Parliament of Canada Act )",2022-23 Main Estimates,92500
R1A,Department of Citizenship and Immigration,Ministère de la Citoyenneté et de lImmigration,S,"Passport Canada Revolving Fund ( Revolving Funds Act   (R.S.C., 1985, c. R-8))",2020-21 Expenditures,307079052
R1A,Department of Citizenship and Immigration,Ministère de la Citoyenneté et de lImmigration,S,"Passport Canada Revolving Fund ( Revolving Funds Act   (R.S.C., 1985, c. R-8))",2021-22 Main Estimates,167385285
R1A,Department of Citizenship and Immigration,Ministère de la Citoyenneté et de lImmigration,S,"Passport Canada Revolving Fund ( Revolving Funds Act   (R.S.C., 1985, c. R-8))",2021-22 Estimates To Date,167385285
R1A,Department of Citizenship and Immigration,Ministère de la Citoyenneté et de lImmigration,S,"Passport Canada Revolving Fund ( Revolving Funds Act   (R.S.C., 1985, c. R-8))",2022-23 Main Estimates,109952279
R1A,Department of Citizenship and Immigration,Ministère de la Citoyenneté et de lImmigration,S,Other Statutory items listed in the Public Accounts of Canada,2020-21 Expenditures,9294807
R1A,Department of Citizenship and Immigration,Ministère de la Citoyenneté et de lImmigration,S,Other Statutory items listed in the Public Accounts of Canada,2021-22 Main Estimates,0
R1A,Department of Citizenship and Immigration,Ministère de la Citoyenneté et de lImmigration,S,Other Statutory items listed in the Public Accounts of Canada,2021-22 Estimates To Date,0
R1A,Department of Citizenship and Immigration,Ministère de la Citoyenneté et de lImmigration,S,Other Statutory items listed in the Public Accounts of Canada,2022-23 Main Estimates,0
R1A,Department of Citizenship and Immigration,Ministère de la Citoyenneté et de lImmigration,S,Fees returned in connection with a terminated application,2020-21 Expenditures,140410
R1A,Department of Citizenship and Immigration,Ministère de la Citoyenneté et de lImmigration,S,Fees returned in connection with a terminated application,2021-22 Main Estimates,0
R1A,Department of Citizenship and Immigration,Ministère de la Citoyenneté et de lImmigration,S,Fees returned in connection with a terminated application,2021-22 Estimates To Date,0
R1A,Department of Citizenship and Immigration,Ministère de la Citoyenneté et de lImmigration,S,Fees returned in connection with a terminated application,2022-23 Main Estimates,0
R1A,Department of Citizenship and Immigration,Ministère de la Citoyenneté et de lImmigration,S,Fees returned in connection with a terminated application in Investor and Entrepreneur Classes,2020-21 Expenditures,49280
R1A,Department of Citizenship and Immigration,Ministère de la Citoyenneté et de lImmigration,S,Fees returned in connection with a terminated application in Investor and Entrepreneur Classes,2021-22 Main Estimates,0
R1A,Department of Citizenship and Immigration,Ministère de la Citoyenneté et de lImmigration,S,Fees returned in connection with a terminated application in Investor and Entrepreneur Classes,2021-22 Estimates To Date,0
R1A,Department of Citizenship and Immigration,Ministère de la Citoyenneté et de lImmigration,S,Fees returned in connection with a terminated application in Investor and Entrepreneur Classes,2022-23 Main Estimates,0
R1A,Department of Citizenship and Immigration,Ministère de la Citoyenneté et de lImmigration,S,Loans to immigrants and refugees to facilitate the arrival of newcomers pursuant to section 88 of the  Immigration and Refugee Protection Act,2020-21 Expenditures,-11405611
R1A,Department of Citizenship and Immigration,Ministère de la Citoyenneté et de lImmigration,S,Loans to immigrants and refugees to facilitate the arrival of newcomers pursuant to section 88 of the  Immigration and Refugee Protection Act,2021-22 Main Estimates,0
R1A,Department of Citizenship and Immigration,Ministère de la Citoyenneté et de lImmigration,S,Loans to immigrants and refugees to facilitate the arrival of newcomers pursuant to section 88 of the  Immigration and Refugee Protection Act,2021-22 Estimates To Date,0
R1A,Department of Citizenship and Immigration,Ministère de la Citoyenneté et de lImmigration,S,Loans to immigrants and refugees to facilitate the arrival of newcomers pursuant to section 88 of the  Immigration and Refugee Protection Act,2022-23 Main Estimates,0
R1A,Department of Citizenship and Immigration,Ministère de la Citoyenneté et de lImmigration,S,Debt write-off,2020-21 Expenditures,287807
R1A,Department of Citizenship and Immigration,Ministère de la Citoyenneté et de lImmigration,S,Debt write-off,2021-22 Main Estimates,0
R1A,Department of Citizenship and Immigration,Ministère de la Citoyenneté et de lImmigration,S,Debt write-off,2021-22 Estimates To Date,0
R1A,Department of Citizenship and Immigration,Ministère de la Citoyenneté et de lImmigration,S,Debt write-off,2022-23 Main Estimates,0
R1A,Department of Citizenship and Immigration,Ministère de la Citoyenneté et de lImmigration,S,Items voted in prior Estimates,2020-21 Expenditures,6911
R1A,Department of Citizenship and Immigration,Ministère de la Citoyenneté et de lImmigration,S,Items voted in prior Estimates,2021-22 Main Estimates,0
R1A,Department of Citizenship and Immigration,Ministère de la Citoyenneté et de lImmigration,S,Items voted in prior Estimates,2021-22 Estimates To Date,0
R1A,Department of Citizenship and Immigration,Ministère de la Citoyenneté et de lImmigration,S,Items voted in prior Estimates,2022-23 Main Estimates,0
R1A,Department of Crown-Indigenous Relations and Northern Affairs,Ministère des Relations Couronne-Autochtones et des Affaires du Nord,1,Operating expenditures,2020-21 Expenditures,1386741067
R1A,Department of Crown-Indigenous Relations and Northern Affairs,Ministère des Relations Couronne-Autochtones et des Affaires du Nord,1,Operating expenditures,2021-22 Main Estimates,1634265848
R1A,Department of Crown-Indigenous Relations and Northern Affairs,Ministère des Relations Couronne-Autochtones et des Affaires du Nord,1,Operating expenditures,2021-22 Estimates To Date,1634265848
R1A,Department of Crown-Indigenous Relations and Northern Affairs,Ministère des Relations Couronne-Autochtones et des Affaires du Nord,1,Operating expenditures,2022-23 Main Estimates,972219379
R1A,Department of Crown-Indigenous Relations and Northern Affairs,Ministère des Relations Couronne-Autochtones et des Affaires du Nord,5,Capital expenditures,2020-21 Expenditures,2423122
R1A,Department of Crown-Indigenous Relations and Northern Affairs,Ministère des Relations Couronne-Autochtones et des Affaires du Nord,5,Capital expenditures,2021-22 Main Estimates,268287
R1A,Department of Crown-Indigenous Relations and Northern Affairs,Ministère des Relations Couronne-Autochtones et des Affaires du Nord,5,Capital expenditures,2021-22 Estimates To Date,268287
R1A,Department of Crown-Indigenous Relations and Northern Affairs,Ministère des Relations Couronne-Autochtones et des Affaires du Nord,5,Capital expenditures,2022-23 Main Estimates,328287
R1A,Department of Crown-Indigenous Relations and Northern Affairs,Ministère des Relations Couronne-Autochtones et des Affaires du Nord,10,Grants and contributions,2020-21 Expenditures,3838444460
R1A,Department of Crown-Indigenous Relations and Northern Affairs,Ministère des Relations Couronne-Autochtones et des Affaires du Nord,10,Grants and contributions,2021-22 Main Estimates,3032868793
R1A,Department of Crown-Indigenous Relations and Northern Affairs,Ministère des Relations Couronne-Autochtones et des Affaires du Nord,10,Grants and contributions,2021-22 Estimates To Date,3032868793
R1A,Department of Crown-Indigenous Relations and Northern Affairs,Ministère des Relations Couronne-Autochtones et des Affaires du Nord,10,Grants and contributions,2022-23 Main Estimates,4803938947
R1A,Department of Crown-Indigenous Relations and Northern Affairs,Ministère des Relations Couronne-Autochtones et des Affaires du Nord,L15,Loans to Indigenous claimants,2020-21 Expenditures,18572316
R1A,Department of Crown-Indigenous Relations and Northern Affairs,Ministère des Relations Couronne-Autochtones et des Affaires du Nord,L15,Loans to Indigenous claimants,2021-22 Main Estimates,25903000
R1A,Department of Crown-Indigenous Relations and Northern Affairs,Ministère des Relations Couronne-Autochtones et des Affaires du Nord,L15,Loans to Indigenous claimants,2021-22 Estimates To Date,25903000
R1A,Department of Crown-Indigenous Relations and Northern Affairs,Ministère des Relations Couronne-Autochtones et des Affaires du Nord,L15,Loans to Indigenous claimants,2022-23 Main Estimates,25903000
R1A,Department of Crown-Indigenous Relations and Northern Affairs,Ministère des Relations Couronne-Autochtones et des Affaires du Nord,S,Grassy Narrows and Islington Bands Mercury Disability Board ( Grassy  Narrows and Islington Indian Bands Mercury Pollution Claims Settlement Act ),2020-21 Expenditures,0
R1A,Department of Crown-Indigenous Relations and Northern Affairs,Ministère des Relations Couronne-Autochtones et des Affaires du Nord,S,Grassy Narrows and Islington Bands Mercury Disability Board ( Grassy  Narrows and Islington Indian Bands Mercury Pollution Claims Settlement Act ),2021-22 Main Estimates,15000
R1A,Department of Crown-Indigenous Relations and Northern Affairs,Ministère des Relations Couronne-Autochtones et des Affaires du Nord,S,Grassy Narrows and Islington Bands Mercury Disability Board ( Grassy  Narrows and Islington Indian Bands Mercury Pollution Claims Settlement Act ),2021-22 Estimates To Date,15000
R1A,Department of Crown-Indigenous Relations and Northern Affairs,Ministère des Relations Couronne-Autochtones et des Affaires du Nord,S,Grassy Narrows and Islington Bands Mercury Disability Board ( Grassy  Narrows and Islington Indian Bands Mercury Pollution Claims Settlement Act ),2022-23 Main Estimates,15000
R1A,Department of Crown-Indigenous Relations and Northern Affairs,Ministère des Relations Couronne-Autochtones et des Affaires du Nord,S,Payments to comprehensive claim beneficiaries in compensation for resource royalties (Comprehensive Land Claim Settlement Acts),2020-21 Expenditures,0
R1A,Department of Crown-Indigenous Relations and Northern Affairs,Ministère des Relations Couronne-Autochtones et des Affaires du Nord,S,Payments to comprehensive claim beneficiaries in compensation for resource royalties (Comprehensive Land Claim Settlement Acts),2021-22 Main Estimates,1865718
R1A,Department of Crown-Indigenous Relations and Northern Affairs,Ministère des Relations Couronne-Autochtones et des Affaires du Nord,S,Payments to comprehensive claim beneficiaries in compensation for resource royalties (Comprehensive Land Claim Settlement Acts),2021-22 Estimates To Date,1865718
R1A,Department of Crown-Indigenous Relations and Northern Affairs,Ministère des Relations Couronne-Autochtones et des Affaires du Nord,S,Payments to comprehensive claim beneficiaries in compensation for resource royalties (Comprehensive Land Claim Settlement Acts),2022-23 Main Estimates,1865718
R1A,Department of Crown-Indigenous Relations and Northern Affairs,Ministère des Relations Couronne-Autochtones et des Affaires du Nord,S,Other Statutory items listed in the Public Accounts of Canada,2020-21 Expenditures,304691
R1A,Department of Crown-Indigenous Relations and Northern Affairs,Ministère des Relations Couronne-Autochtones et des Affaires du Nord,S,Other Statutory items listed in the Public Accounts of Canada,2021-22 Main Estimates,0
R1A,Department of Crown-Indigenous Relations and Northern Affairs,Ministère des Relations Couronne-Autochtones et des Affaires du Nord,S,Other Statutory items listed in the Public Accounts of Canada,2021-22 Estimates To Date,0
R1A,Department of Crown-Indigenous Relations and Northern Affairs,Ministère des Relations Couronne-Autochtones et des Affaires du Nord,S,Other Statutory items listed in the Public Accounts of Canada,2022-23 Main Estimates,0
R1A,Department of Crown-Indigenous Relations and Northern Affairs,Ministère des Relations Couronne-Autochtones et des Affaires du Nord,S,Payments to Nutrition North Canada pursuant to the  Public Health Events of National Concern Payments Act,2020-21 Expenditures,25000000
R1A,Department of Crown-Indigenous Relations and Northern Affairs,Ministère des Relations Couronne-Autochtones et des Affaires du Nord,S,Payments to Nutrition North Canada pursuant to the  Public Health Events of National Concern Payments Act,2021-22 Main Estimates,0
R1A,Department of Crown-Indigenous Relations and Northern Affairs,Ministère des Relations Couronne-Autochtones et des Affaires du Nord,S,Payments to Nutrition North Canada pursuant to the  Public Health Events of National Concern Payments Act,2021-22 Estimates To Date,0
R1A,Department of Crown-Indigenous Relations and Northern Affairs,Ministère des Relations Couronne-Autochtones et des Affaires du Nord,S,Payments to Nutrition North Canada pursuant to the  Public Health Events of National Concern Payments Act,2022-23 Main Estimates,0
R1A,Department of Crown-Indigenous Relations and Northern Affairs,Ministère des Relations Couronne-Autochtones et des Affaires du Nord,S,Payments to support northern air carriers pursuant to the  Public Health Events of National Concern Payments Act,2020-21 Expenditures,17300000
R1A,Department of Crown-Indigenous Relations and Northern Affairs,Ministère des Relations Couronne-Autochtones et des Affaires du Nord,S,Payments to support northern air carriers pursuant to the  Public Health Events of National Concern Payments Act,2021-22 Main Estimates,0
R1A,Department of Crown-Indigenous Relations and Northern Affairs,Ministère des Relations Couronne-Autochtones et des Affaires du Nord,S,Payments to support northern air carriers pursuant to the  Public Health Events of National Concern Payments Act,2021-22 Estimates To Date,0
R1A,Department of Crown-Indigenous Relations and Northern Affairs,Ministère des Relations Couronne-Autochtones et des Affaires du Nord,S,Payments to support northern air carriers pursuant to the  Public Health Events of National Concern Payments Act,2022-23 Main Estimates,0
R1A,Department of Crown-Indigenous Relations and Northern Affairs,Ministère des Relations Couronne-Autochtones et des Affaires du Nord,S,"Payments to support Yukon, Northwest Territories, and Nunavut responses to COVID-19 pursuant to the  Public Health Events of National Concern  Payments Act",2020-21 Expenditures,72600000
R1A,Department of Crown-Indigenous Relations and Northern Affairs,Ministère des Relations Couronne-Autochtones et des Affaires du Nord,S,"Payments to support Yukon, Northwest Territories, and Nunavut responses to COVID-19 pursuant to the  Public Health Events of National Concern  Payments Act",2021-22 Main Estimates,0
R1A,Department of Crown-Indigenous Relations and Northern Affairs,Ministère des Relations Couronne-Autochtones et des Affaires du Nord,S,"Payments to support Yukon, Northwest Territories, and Nunavut responses to COVID-19 pursuant to the  Public Health Events of National Concern  Payments Act",2021-22 Estimates To Date,0
R1A,Department of Crown-Indigenous Relations and Northern Affairs,Ministère des Relations Couronne-Autochtones et des Affaires du Nord,S,"Payments to support Yukon, Northwest Territories, and Nunavut responses to COVID-19 pursuant to the  Public Health Events of National Concern  Payments Act",2022-23 Main Estimates,0
R1A,Department of Crown-Indigenous Relations and Northern Affairs,Ministère des Relations Couronne-Autochtones et des Affaires du Nord,S,Grants to Aboriginal organizations designated to receive claim  settlement payments pursuant to Comprehensive Land Claim Settlement Acts,2020-21 Expenditures,20569162
R1A,Department of Crown-Indigenous Relations and Northern Affairs,Ministère des Relations Couronne-Autochtones et des Affaires du Nord,S,Grants to Aboriginal organizations designated to receive claim  settlement payments pursuant to Comprehensive Land Claim Settlement Acts,2021-22 Main Estimates,4125988
R1A,Department of Crown-Indigenous Relations and Northern Affairs,Ministère des Relations Couronne-Autochtones et des Affaires du Nord,S,Grants to Aboriginal organizations designated to receive claim  settlement payments pursuant to Comprehensive Land Claim Settlement Acts,2021-22 Estimates To Date,4125988
R1A,Department of Crown-Indigenous Relations and Northern Affairs,Ministère des Relations Couronne-Autochtones et des Affaires du Nord,S,Grants to Aboriginal organizations designated to receive claim  settlement payments pursuant to Comprehensive Land Claim Settlement Acts,2022-23 Main Estimates,4125988
R1A,Department of Crown-Indigenous Relations and Northern Affairs,Ministère des Relations Couronne-Autochtones et des Affaires du Nord,S,Minister of Northern Affairs  Salary and motor car allowance ( Salaries Act  and  Parliament of Canada Act ),2020-21 Expenditures,89200
R1A,Department of Crown-Indigenous Relations and Northern Affairs,Ministère des Relations Couronne-Autochtones et des Affaires du Nord,S,Minister of Northern Affairs  Salary and motor car allowance ( Salaries Act  and  Parliament of Canada Act ),2021-22 Main Estimates,90500
R1A,Department of Crown-Indigenous Relations and Northern Affairs,Ministère des Relations Couronne-Autochtones et des Affaires du Nord,S,Minister of Northern Affairs  Salary and motor car allowance ( Salaries Act  and  Parliament of Canada Act ),2021-22 Estimates To Date,90500
R1A,Department of Crown-Indigenous Relations and Northern Affairs,Ministère des Relations Couronne-Autochtones et des Affaires du Nord,S,Minister of Northern Affairs  Salary and motor car allowance ( Salaries Act  and  Parliament of Canada Act ),2022-23 Main Estimates,92500
R1A,Department of Crown-Indigenous Relations and Northern Affairs,Ministère des Relations Couronne-Autochtones et des Affaires du Nord,S,Minister of Crown-Indigenous Relations  Salary and motor car allowance ( Salaries Act  and  Parliament of Canada Act ),2020-21 Expenditures,89200
R1A,Department of Crown-Indigenous Relations and Northern Affairs,Ministère des Relations Couronne-Autochtones et des Affaires du Nord,S,Minister of Crown-Indigenous Relations  Salary and motor car allowance ( Salaries Act  and  Parliament of Canada Act ),2021-22 Main Estimates,90500
R1A,Department of Crown-Indigenous Relations and Northern Affairs,Ministère des Relations Couronne-Autochtones et des Affaires du Nord,S,Minister of Crown-Indigenous Relations  Salary and motor car allowance ( Salaries Act  and  Parliament of Canada Act ),2021-22 Estimates To Date,90500
R1A,Department of Crown-Indigenous Relations and Northern Affairs,Ministère des Relations Couronne-Autochtones et des Affaires du Nord,S,Minister of Crown-Indigenous Relations  Salary and motor car allowance ( Salaries Act  and  Parliament of Canada Act ),2022-23 Main Estimates,92500
R1A,Department of Crown-Indigenous Relations and Northern Affairs,Ministère des Relations Couronne-Autochtones et des Affaires du Nord,S,Contributions to employee benefit plans,2020-21 Expenditures,27481131
R1A,Department of Crown-Indigenous Relations and Northern Affairs,Ministère des Relations Couronne-Autochtones et des Affaires du Nord,S,Contributions to employee benefit plans,2021-22 Main Estimates,23042197
R1A,Department of Crown-Indigenous Relations and Northern Affairs,Ministère des Relations Couronne-Autochtones et des Affaires du Nord,S,Contributions to employee benefit plans,2021-22 Estimates To Date,23042197
R1A,Department of Crown-Indigenous Relations and Northern Affairs,Ministère des Relations Couronne-Autochtones et des Affaires du Nord,S,Contributions to employee benefit plans,2022-23 Main Estimates,24904931
R1A,Department of Employment and Social Development,Ministère de lEmploi et du Développement social,1,Operating expenditures,2020-21 Expenditures,919087621
R1A,Department of Employment and Social Development,Ministère de lEmploi et du Développement social,1,Operating expenditures,2021-22 Main Estimates,1076920565
R1A,Department of Employment and Social Development,Ministère de lEmploi et du Développement social,1,Operating expenditures,2021-22 Estimates To Date,1076920565
R1A,Department of Employment and Social Development,Ministère de lEmploi et du Développement social,1,Operating expenditures,2022-23 Main Estimates,1077997107
R1A,Department of Employment and Social Development,Ministère de lEmploi et du Développement social,5,Grants and contributions,2020-21 Expenditures,3037668779
R1A,Department of Employment and Social Development,Ministère de lEmploi et du Développement social,5,Grants and contributions,2021-22 Main Estimates,3107555049
R1A,Department of Employment and Social Development,Ministère de lEmploi et du Développement social,5,Grants and contributions,2021-22 Estimates To Date,3107555049
R1A,Department of Employment and Social Development,Ministère de lEmploi et du Développement social,5,Grants and contributions,2022-23 Main Estimates,10319347022
R1A,Department of Employment and Social Development,Ministère de lEmploi et du Développement social,S,Universal Child Care Benefit ( Universal Child Care Benefit Act ),2020-21 Expenditures,-684860
R1A,Department of Employment and Social Development,Ministère de lEmploi et du Développement social,S,Universal Child Care Benefit ( Universal Child Care Benefit Act ),2021-22 Main Estimates,40000
R1A,Department of Employment and Social Development,Ministère de lEmploi et du Développement social,S,Universal Child Care Benefit ( Universal Child Care Benefit Act ),2021-22 Estimates To Date,40000
R1A,Department of Employment and Social Development,Ministère de lEmploi et du Développement social,S,Universal Child Care Benefit ( Universal Child Care Benefit Act ),2022-23 Main Estimates,40000
R1A,Department of Employment and Social Development,Ministère de lEmploi et du Développement social,S,Canada Disability Savings Bond payments to Registered Disability Savings Plan (RDSP) issuers on behalf of RDSP beneficiaries to encourage long-term financial security of eligible individuals with disabilities ( Canada Disability Savings Act ),2020-21 Expenditures,139813480
R1A,Department of Employment and Social Development,Ministère de lEmploi et du Développement social,S,Canada Disability Savings Bond payments to Registered Disability Savings Plan (RDSP) issuers on behalf of RDSP beneficiaries to encourage long-term financial security of eligible individuals with disabilities ( Canada Disability Savings Act ),2021-22 Main Estimates,216736696
R1A,Department of Employment and Social Development,Ministère de lEmploi et du Développement social,S,Canada Disability Savings Bond payments to Registered Disability Savings Plan (RDSP) issuers on behalf of RDSP beneficiaries to encourage long-term financial security of eligible individuals with disabilities ( Canada Disability Savings Act ),2021-22 Estimates To Date,216736696
R1A,Department of Employment and Social Development,Ministère de lEmploi et du Développement social,S,Canada Disability Savings Bond payments to Registered Disability Savings Plan (RDSP) issuers on behalf of RDSP beneficiaries to encourage long-term financial security of eligible individuals with disabilities ( Canada Disability Savings Act ),2022-23 Main Estimates,199577385
R1A,Department of Employment and Social Development,Ministère de lEmploi et du Développement social,S,"Payments of compensation respecting government employees (R.S.C., 1985, c. G-5) and merchant seamen (R.S.C., 1985, c. M-6)",2020-21 Expenditures,15162821
R1A,Department of Employment and Social Development,Ministère de lEmploi et du Développement social,S,"Payments of compensation respecting government employees (R.S.C., 1985, c. G-5) and merchant seamen (R.S.C., 1985, c. M-6)",2021-22 Main Estimates,31444511
R1A,Department of Employment and Social Development,Ministère de lEmploi et du Développement social,S,"Payments of compensation respecting government employees (R.S.C., 1985, c. G-5) and merchant seamen (R.S.C., 1985, c. M-6)",2021-22 Estimates To Date,31444511
R1A,Department of Employment and Social Development,Ministère de lEmploi et du Développement social,S,"Payments of compensation respecting government employees (R.S.C., 1985, c. G-5) and merchant seamen (R.S.C., 1985, c. M-6)",2022-23 Main Estimates,31444511
R1A,Department of Employment and Social Development,Ministère de lEmploi et du Développement social,S,Payments to support students and youth impacted by COVID-19 pursuant to the  Public Health Events of National Concern Payments Act,2020-21 Expenditures,381825222
R1A,Department of Employment and Social Development,Ministère de lEmploi et du Développement social,S,Payments to support students and youth impacted by COVID-19 pursuant to the  Public Health Events of National Concern Payments Act,2021-22 Main Estimates,0
R1A,Department of Employment and Social Development,Ministère de lEmploi et du Développement social,S,Payments to support students and youth impacted by COVID-19 pursuant to the  Public Health Events of National Concern Payments Act,2021-22 Estimates To Date,0
R1A,Department of Employment and Social Development,Ministère de lEmploi et du Développement social,S,Payments to support students and youth impacted by COVID-19 pursuant to the  Public Health Events of National Concern Payments Act,2022-23 Main Estimates,0
R1A,Department of Employment and Social Development,Ministère de lEmploi et du Développement social,S,Payments for additional support for Canadian seniors pursuant to the  Public Health Events of National Concern Payments Act,2020-21 Expenditures,2461142765
R1A,Department of Employment and Social Development,Ministère de lEmploi et du Développement social,S,Payments for additional support for Canadian seniors pursuant to the  Public Health Events of National Concern Payments Act,2021-22 Main Estimates,0
R1A,Department of Employment and Social Development,Ministère de lEmploi et du Développement social,S,Payments for additional support for Canadian seniors pursuant to the  Public Health Events of National Concern Payments Act,2021-22 Estimates To Date,0
R1A,Department of Employment and Social Development,Ministère de lEmploi et du Développement social,S,Payments for additional support for Canadian seniors pursuant to the  Public Health Events of National Concern Payments Act,2022-23 Main Estimates,0
R1A,Department of Employment and Social Development,Ministère de lEmploi et du Développement social,S,Payments to the Emergency Community Support Fund pursuant to the  Public Health Events of National Concern Payments Act,2020-21 Expenditures,349698783
R1A,Department of Employment and Social Development,Ministère de lEmploi et du Développement social,S,Payments to the Emergency Community Support Fund pursuant to the  Public Health Events of National Concern Payments Act,2021-22 Main Estimates,0
R1A,Department of Employment and Social Development,Ministère de lEmploi et du Développement social,S,Payments to the Emergency Community Support Fund pursuant to the  Public Health Events of National Concern Payments Act,2021-22 Estimates To Date,0
R1A,Department of Employment and Social Development,Ministère de lEmploi et du Développement social,S,Payments to the Emergency Community Support Fund pursuant to the  Public Health Events of National Concern Payments Act,2022-23 Main Estimates,0
R1A,Department of Employment and Social Development,Ministère de lEmploi et du Développement social,S,Payments related to the direct financing arrangement under the  Canada Student Financial Assistance Act,2020-21 Expenditures,749443316
R1A,Department of Employment and Social Development,Ministère de lEmploi et du Développement social,S,Payments related to the direct financing arrangement under the  Canada Student Financial Assistance Act,2021-22 Main Estimates,1217861664
R1A,Department of Employment and Social Development,Ministère de lEmploi et du Développement social,S,Payments related to the direct financing arrangement under the  Canada Student Financial Assistance Act,2021-22 Estimates To Date,1217861664
R1A,Department of Employment and Social Development,Ministère de lEmploi et du Développement social,S,Payments related to the direct financing arrangement under the  Canada Student Financial Assistance Act,2022-23 Main Estimates,1296269205
R1A,Department of Employment and Social Development,Ministère de lEmploi et du Développement social,S,Payments related to the direct financing arrangement under the  Apprentice Loans Act,2020-21 Expenditures,1541198
R1A,Department of Employment and Social Development,Ministère de lEmploi et du Développement social,S,Payments related to the direct financing arrangement under the  Apprentice Loans Act,2021-22 Main Estimates,2704207
R1A,Department of Employment and Social Development,Ministère de lEmploi et du Développement social,S,Payments related to the direct financing arrangement under the  Apprentice Loans Act,2021-22 Estimates To Date,2704207
R1A,Department of Employment and Social Development,Ministère de lEmploi et du Développement social,S,Payments related to the direct financing arrangement under the  Apprentice Loans Act,2022-23 Main Estimates,3208041
R1A,Department of Employment and Social Development,Ministère de lEmploi et du Développement social,S,Spending of revenues pursuant to subsection 5.2(2) of the  Department of Employment and Social Development Act,2020-21 Expenditures,180137649
R1A,Department of Employment and Social Development,Ministère de lEmploi et du Développement social,S,Spending of revenues pursuant to subsection 5.2(2) of the  Department of Employment and Social Development Act,2021-22 Main Estimates,223508892
R1A,Department of Employment and Social Development,Ministère de lEmploi et du Développement social,S,Spending of revenues pursuant to subsection 5.2(2) of the  Department of Employment and Social Development Act,2021-22 Estimates To Date,223508892
R1A,Department of Employment and Social Development,Ministère de lEmploi et du Développement social,S,Spending of revenues pursuant to subsection 5.2(2) of the  Department of Employment and Social Development Act,2022-23 Main Estimates,252128822
R1A,Department of Employment and Social Development,Ministère de lEmploi et du Développement social,S,Other Statutory items listed in the Public Accounts of Canada,2020-21 Expenditures,1795785
R1A,Department of Employment and Social Development,Ministère de lEmploi et du Développement social,S,Other Statutory items listed in the Public Accounts of Canada,2021-22 Main Estimates,0
R1A,Department of Employment and Social Development,Ministère de lEmploi et du Développement social,S,Other Statutory items listed in the Public Accounts of Canada,2021-22 Estimates To Date,0
R1A,Department of Employment and Social Development,Ministère de lEmploi et du Développement social,S,Other Statutory items listed in the Public Accounts of Canada,2022-23 Main Estimates,0
R1A,Department of Employment and Social Development,Ministère de lEmploi et du Développement social,S,Contributions to employee benefit plans,2020-21 Expenditures,347465813
R1A,Department of Employment and Social Development,Ministère de lEmploi et du Développement social,S,Contributions to employee benefit plans,2021-22 Main Estimates,280770025
R1A,Department of Employment and Social Development,Ministère de lEmploi et du Développement social,S,Contributions to employee benefit plans,2021-22 Estimates To Date,280770025
R1A,Department of Employment and Social Development,Ministère de lEmploi et du Développement social,S,Contributions to employee benefit plans,2022-23 Main Estimates,289951220
R1A,Department of Employment and Social Development,Ministère de lEmploi et du Développement social,S,"Minister of Families, Children and Social Development  Salary and motor car allowance ( Salaries Act  and  Parliament of Canada Act )",2020-21 Expenditures,89200
R1A,Department of Employment and Social Development,Ministère de lEmploi et du Développement social,S,"Minister of Families, Children and Social Development  Salary and motor car allowance ( Salaries Act  and  Parliament of Canada Act )",2021-22 Main Estimates,90500
R1A,Department of Employment and Social Development,Ministère de lEmploi et du Développement social,S,"Minister of Families, Children and Social Development  Salary and motor car allowance ( Salaries Act  and  Parliament of Canada Act )",2021-22 Estimates To Date,90500
R1A,Department of Employment and Social Development,Ministère de lEmploi et du Développement social,S,"Minister of Families, Children and Social Development  Salary and motor car allowance ( Salaries Act  and  Parliament of Canada Act )",2022-23 Main Estimates,92500
R1A,Department of Employment and Social Development,Ministère de lEmploi et du Développement social,S,"Minister of Employment, Workforce Development and Disability Inclusion  Salary and motor car allowance ( Salaries Act  and   Parliament of Canada Act )",2020-21 Expenditures,89200
R1A,Department of Employment and Social Development,Ministère de lEmploi et du Développement social,S,"Minister of Employment, Workforce Development and Disability Inclusion  Salary and motor car allowance ( Salaries Act  and   Parliament of Canada Act )",2021-22 Main Estimates,90500
R1A,Department of Employment and Social Development,Ministère de lEmploi et du Développement social,S,"Minister of Employment, Workforce Development and Disability Inclusion  Salary and motor car allowance ( Salaries Act  and   Parliament of Canada Act )",2021-22 Estimates To Date,90500
R1A,Department of Employment and Social Development,Ministère de lEmploi et du Développement social,S,"Minister of Employment, Workforce Development and Disability Inclusion  Salary and motor car allowance ( Salaries Act  and   Parliament of Canada Act )",2022-23 Main Estimates,92500
R1A,Department of Employment and Social Development,Ministère de lEmploi et du Développement social,S,Minister of State (Minister of Seniors)  Motor car allowance ( Parliament of Canada Act ),2020-21 Expenditures,2000
R1A,Department of Employment and Social Development,Ministère de lEmploi et du Développement social,S,Minister of State (Minister of Seniors)  Motor car allowance ( Parliament of Canada Act ),2021-22 Main Estimates,2000
R1A,Department of Employment and Social Development,Ministère de lEmploi et du Développement social,S,Minister of State (Minister of Seniors)  Motor car allowance ( Parliament of Canada Act ),2021-22 Estimates To Date,2000
R1A,Department of Employment and Social Development,Ministère de lEmploi et du Développement social,S,Minister of State (Minister of Seniors)  Motor car allowance ( Parliament of Canada Act ),2022-23 Main Estimates,2000
R1A,Department of Employment and Social Development,Ministère de lEmploi et du Développement social,S,Minister of Labour  Salary and motor car allowance ( Salaries Act  and  Parliament of Canada Act ),2020-21 Expenditures,89200
R1A,Department of Employment and Social Development,Ministère de lEmploi et du Développement social,S,Minister of Labour  Salary and motor car allowance ( Salaries Act  and  Parliament of Canada Act ),2021-22 Main Estimates,90500
R1A,Department of Employment and Social Development,Ministère de lEmploi et du Développement social,S,Minister of Labour  Salary and motor car allowance ( Salaries Act  and  Parliament of Canada Act ),2021-22 Estimates To Date,90500
R1A,Department of Employment and Social Development,Ministère de lEmploi et du Développement social,S,Minister of Labour  Salary and motor car allowance ( Salaries Act  and  Parliament of Canada Act ),2022-23 Main Estimates,92500
R1A,Department of Employment and Social Development,Ministère de lEmploi et du Développement social,S,Payments for the Canada Emergency Student Benefit pursuant to the  Public Health Events of National Concern Payments Act,2020-21 Expenditures,2961651122
R1A,Department of Employment and Social Development,Ministère de lEmploi et du Développement social,S,Payments for the Canada Emergency Student Benefit pursuant to the  Public Health Events of National Concern Payments Act,2021-22 Main Estimates,0
R1A,Department of Employment and Social Development,Ministère de lEmploi et du Développement social,S,Payments for the Canada Emergency Student Benefit pursuant to the  Public Health Events of National Concern Payments Act,2021-22 Estimates To Date,0
R1A,Department of Employment and Social Development,Ministère de lEmploi et du Développement social,S,Payments for the Canada Emergency Student Benefit pursuant to the  Public Health Events of National Concern Payments Act,2022-23 Main Estimates,0
R1A,Department of Employment and Social Development,Ministère de lEmploi et du Développement social,S,One-time payment to persons with disabilities pursuant to  An Act respecting further COVID-19 measures,2020-21 Expenditures,797053637
R1A,Department of Employment and Social Development,Ministère de lEmploi et du Développement social,S,One-time payment to persons with disabilities pursuant to  An Act respecting further COVID-19 measures,2021-22 Main Estimates,11340664
R1A,Department of Employment and Social Development,Ministère de lEmploi et du Développement social,S,One-time payment to persons with disabilities pursuant to  An Act respecting further COVID-19 measures,2021-22 Estimates To Date,11340664
R1A,Department of Employment and Social Development,Ministère de lEmploi et du Développement social,S,One-time payment to persons with disabilities pursuant to  An Act respecting further COVID-19 measures,2022-23 Main Estimates,0
R1A,Department of Employment and Social Development,Ministère de lEmploi et du Développement social,S,Payments for the Canada Recovery Sickness Benefit pursuant to the  Canada Recovery Benefits Act,2020-21 Expenditures,419837386
R1A,Department of Employment and Social Development,Ministère de lEmploi et du Développement social,S,Payments for the Canada Recovery Sickness Benefit pursuant to the  Canada Recovery Benefits Act,2021-22 Main Estimates,2380000000
R1A,Department of Employment and Social Development,Ministère de lEmploi et du Développement social,S,Payments for the Canada Recovery Sickness Benefit pursuant to the  Canada Recovery Benefits Act,2021-22 Estimates To Date,2380000000
R1A,Department of Employment and Social Development,Ministère de lEmploi et du Développement social,S,Payments for the Canada Recovery Sickness Benefit pursuant to the  Canada Recovery Benefits Act,2022-23 Main Estimates,98900000
R1A,Department of Employment and Social Development,Ministère de lEmploi et du Développement social,S,Payments for the Canada Worker Lockdown Benefit pursuant to the  Canada Worker Lockdown Benefit Act,2020-21 Expenditures,0
R1A,Department of Employment and Social Development,Ministère de lEmploi et du Développement social,S,Payments for the Canada Worker Lockdown Benefit pursuant to the  Canada Worker Lockdown Benefit Act,2021-22 Main Estimates,0
R1A,Department of Employment and Social Development,Ministère de lEmploi et du Développement social,S,Payments for the Canada Worker Lockdown Benefit pursuant to the  Canada Worker Lockdown Benefit Act,2021-22 Estimates To Date,0
R1A,Department of Employment and Social Development,Ministère de lEmploi et du Développement social,S,Payments for the Canada Worker Lockdown Benefit pursuant to the  Canada Worker Lockdown Benefit Act,2022-23 Main Estimates,17760000
R1A,Department of Employment and Social Development,Ministère de lEmploi et du Développement social,S,Civil Service Insurance actuarial liability adjustments ( Civil Service Insurance Act ),2020-21 Expenditures,0
R1A,Department of Employment and Social Development,Ministère de lEmploi et du Développement social,S,Civil Service Insurance actuarial liability adjustments ( Civil Service Insurance Act ),2021-22 Main Estimates,145000
R1A,Department of Employment and Social Development,Ministère de lEmploi et du Développement social,S,Civil Service Insurance actuarial liability adjustments ( Civil Service Insurance Act ),2021-22 Estimates To Date,145000
R1A,Department of Employment and Social Development,Ministère de lEmploi et du Développement social,S,Civil Service Insurance actuarial liability adjustments ( Civil Service Insurance Act ),2022-23 Main Estimates,145000
R1A,Department of Employment and Social Development,Ministère de lEmploi et du Développement social,S,Items voted in prior Estimates,2020-21 Expenditures,185536473
R1A,Department of Employment and Social Development,Ministère de lEmploi et du Développement social,S,Items voted in prior Estimates,2021-22 Main Estimates,0
R1A,Department of Employment and Social Development,Ministère de lEmploi et du Développement social,S,Items voted in prior Estimates,2021-22 Estimates To Date,0
R1A,Department of Employment and Social Development,Ministère de lEmploi et du Développement social,S,Items voted in prior Estimates,2022-23 Main Estimates,0
R1A,Department of Employment and Social Development,Ministère de lEmploi et du Développement social,S,Debt write-off  Government Annuities Account,2020-21 Expenditures,24904
R1A,Department of Employment and Social Development,Ministère de lEmploi et du Développement social,S,Debt write-off  Government Annuities Account,2021-22 Main Estimates,0
R1A,Department of Employment and Social Development,Ministère de lEmploi et du Développement social,S,Debt write-off  Government Annuities Account,2021-22 Estimates To Date,0
R1A,Department of Employment and Social Development,Ministère de lEmploi et du Développement social,S,Debt write-off  Government Annuities Account,2022-23 Main Estimates,0
R1A,Department of Employment and Social Development,Ministère de lEmploi et du Développement social,S,Loans disbursed under the  Apprentice Loans Act,2020-21 Expenditures,9455382
R1A,Department of Employment and Social Development,Ministère de lEmploi et du Développement social,S,Loans disbursed under the  Apprentice Loans Act,2021-22 Main Estimates,19997229
R1A,Department of Employment and Social Development,Ministère de lEmploi et du Développement social,S,Loans disbursed under the  Apprentice Loans Act,2021-22 Estimates To Date,19997229
R1A,Department of Employment and Social Development,Ministère de lEmploi et du Développement social,S,Loans disbursed under the  Apprentice Loans Act,2022-23 Main Estimates,12271209
R1A,Department of Employment and Social Development,Ministère de lEmploi et du Développement social,S,Loans disbursed under the  Canada Student Financial Assistance Act,2020-21 Expenditures,1392981394
R1A,Department of Employment and Social Development,Ministère de lEmploi et du Développement social,S,Loans disbursed under the  Canada Student Financial Assistance Act,2021-22 Main Estimates,937193814
R1A,Department of Employment and Social Development,Ministère de lEmploi et du Développement social,S,Loans disbursed under the  Canada Student Financial Assistance Act,2021-22 Estimates To Date,937193814
R1A,Department of Employment and Social Development,Ministère de lEmploi et du Développement social,S,Loans disbursed under the  Canada Student Financial Assistance Act,2022-23 Main Estimates,-217914739
R1A,Department of Employment and Social Development,Ministère de lEmploi et du Développement social,S,The provision of funds for interest and other payments to lending institutions and liabilities under the  Canada Student Financial Assistance  Act,2020-21 Expenditures,10023033
R1A,Department of Employment and Social Development,Ministère de lEmploi et du Développement social,S,The provision of funds for interest and other payments to lending institutions and liabilities under the  Canada Student Financial Assistance  Act,2021-22 Main Estimates,5107011
R1A,Department of Employment and Social Development,Ministère de lEmploi et du Développement social,S,The provision of funds for interest and other payments to lending institutions and liabilities under the  Canada Student Financial Assistance  Act,2021-22 Estimates To Date,5107011
R1A,Department of Employment and Social Development,Ministère de lEmploi et du Développement social,S,The provision of funds for interest and other payments to lending institutions and liabilities under the  Canada Student Financial Assistance  Act,2022-23 Main Estimates,4405285
R1A,Department of Employment and Social Development,Ministère de lEmploi et du Développement social,S,The provision of funds for liabilities including liabilities in the form of guaranteed loans under the  Canada Student Loans Act,2020-21 Expenditures,-1071607
R1A,Department of Employment and Social Development,Ministère de lEmploi et du Développement social,S,The provision of funds for liabilities including liabilities in the form of guaranteed loans under the  Canada Student Loans Act,2021-22 Main Estimates,-1613047
R1A,Department of Employment and Social Development,Ministère de lEmploi et du Développement social,S,The provision of funds for liabilities including liabilities in the form of guaranteed loans under the  Canada Student Loans Act,2021-22 Estimates To Date,-1613047
R1A,Department of Employment and Social Development,Ministère de lEmploi et du Développement social,S,The provision of funds for liabilities including liabilities in the form of guaranteed loans under the  Canada Student Loans Act,2022-23 Main Estimates,-1342358
R1A,Department of Employment and Social Development,Ministère de lEmploi et du Développement social,S,The provision of funds for interest payments to lending institutions under the  Canada Student Loans Act,2020-21 Expenditures,74873
R1A,Department of Employment and Social Development,Ministère de lEmploi et du Développement social,S,The provision of funds for interest payments to lending institutions under the  Canada Student Loans Act,2021-22 Main Estimates,45599
R1A,Department of Employment and Social Development,Ministère de lEmploi et du Développement social,S,The provision of funds for interest payments to lending institutions under the  Canada Student Loans Act,2021-22 Estimates To Date,45599
R1A,Department of Employment and Social Development,Ministère de lEmploi et du Développement social,S,The provision of funds for interest payments to lending institutions under the  Canada Student Loans Act,2022-23 Main Estimates,31855
R1A,Department of Employment and Social Development,Ministère de lEmploi et du Développement social,S,Benefit enhancement measures for the Employment Insurance Operating Account pursuant to subsection 153.111 of the  Employment Insurance  Act,2020-21 Expenditures,27331431907
R1A,Department of Employment and Social Development,Ministère de lEmploi et du Développement social,S,Benefit enhancement measures for the Employment Insurance Operating Account pursuant to subsection 153.111 of the  Employment Insurance  Act,2021-22 Main Estimates,0
R1A,Department of Employment and Social Development,Ministère de lEmploi et du Développement social,S,Benefit enhancement measures for the Employment Insurance Operating Account pursuant to subsection 153.111 of the  Employment Insurance  Act,2021-22 Estimates To Date,0
R1A,Department of Employment and Social Development,Ministère de lEmploi et du Développement social,S,Benefit enhancement measures for the Employment Insurance Operating Account pursuant to subsection 153.111 of the  Employment Insurance  Act,2022-23 Main Estimates,0
R1A,Department of Employment and Social Development,Ministère de lEmploi et du Développement social,S,"Old Age Security Payments (R.S.C., 1985, c. O-9)",2020-21 Expenditures,44382661808
R1A,Department of Employment and Social Development,Ministère de lEmploi et du Développement social,S,"Old Age Security Payments (R.S.C., 1985, c. O-9)",2021-22 Main Estimates,47067389917
R1A,Department of Employment and Social Development,Ministère de lEmploi et du Développement social,S,"Old Age Security Payments (R.S.C., 1985, c. O-9)",2021-22 Estimates To Date,47067389917
R1A,Department of Employment and Social Development,Ministère de lEmploi et du Développement social,S,"Old Age Security Payments (R.S.C., 1985, c. O-9)",2022-23 Main Estimates,52225920595
R1A,Department of Employment and Social Development,Ministère de lEmploi et du Développement social,S,"Guaranteed Income Supplement Payments (R.S.C., 1985, c. O-9)",2020-21 Expenditures,13685088912
R1A,Department of Employment and Social Development,Ministère de lEmploi et du Développement social,S,"Guaranteed Income Supplement Payments (R.S.C., 1985, c. O-9)",2021-22 Main Estimates,14631701794
R1A,Department of Employment and Social Development,Ministère de lEmploi et du Développement social,S,"Guaranteed Income Supplement Payments (R.S.C., 1985, c. O-9)",2021-22 Estimates To Date,14631701794
R1A,Department of Employment and Social Development,Ministère de lEmploi et du Développement social,S,"Guaranteed Income Supplement Payments (R.S.C., 1985, c. O-9)",2022-23 Main Estimates,15432851588
R1A,Department of Employment and Social Development,Ministère de lEmploi et du Développement social,S,"Allowance Payments (R.S.C., 1985, c. O-9)",2020-21 Expenditures,572156858
R1A,Department of Employment and Social Development,Ministère de lEmploi et du Développement social,S,"Allowance Payments (R.S.C., 1985, c. O-9)",2021-22 Main Estimates,671647345
R1A,Department of Employment and Social Development,Ministère de lEmploi et du Développement social,S,"Allowance Payments (R.S.C., 1985, c. O-9)",2021-22 Estimates To Date,671647345
R1A,Department of Employment and Social Development,Ministère de lEmploi et du Développement social,S,"Allowance Payments (R.S.C., 1985, c. O-9)",2022-23 Main Estimates,651499130
R1A,Department of Employment and Social Development,Ministère de lEmploi et du Développement social,S,Canada Disability Savings Grant payments to Registered Disability Savings Plan (RDSP) issuers on behalf of RDSP beneficiaries to encourage long-term financial security of eligible individuals with disabilities ( Canada Disability Savings Act ),2020-21 Expenditures,406524376
R1A,Department of Employment and Social Development,Ministère de lEmploi et du Développement social,S,Canada Disability Savings Grant payments to Registered Disability Savings Plan (RDSP) issuers on behalf of RDSP beneficiaries to encourage long-term financial security of eligible individuals with disabilities ( Canada Disability Savings Act ),2021-22 Main Estimates,472003897
R1A,Department of Employment and Social Development,Ministère de lEmploi et du Développement social,S,Canada Disability Savings Grant payments to Registered Disability Savings Plan (RDSP) issuers on behalf of RDSP beneficiaries to encourage long-term financial security of eligible individuals with disabilities ( Canada Disability Savings Act ),2021-22 Estimates To Date,472003897
R1A,Department of Employment and Social Development,Ministère de lEmploi et du Développement social,S,Canada Disability Savings Grant payments to Registered Disability Savings Plan (RDSP) issuers on behalf of RDSP beneficiaries to encourage long-term financial security of eligible individuals with disabilities ( Canada Disability Savings Act ),2022-23 Main Estimates,491473134
R1A,Department of Employment and Social Development,Ministère de lEmploi et du Développement social,S,Canada Student Grants to qualifying full and part-time students pursuant to the  Canada Student Financial Assistance Act,2020-21 Expenditures,2920803871
R1A,Department of Employment and Social Development,Ministère de lEmploi et du Développement social,S,Canada Student Grants to qualifying full and part-time students pursuant to the  Canada Student Financial Assistance Act,2021-22 Main Estimates,1879887601
R1A,Department of Employment and Social Development,Ministère de lEmploi et du Développement social,S,Canada Student Grants to qualifying full and part-time students pursuant to the  Canada Student Financial Assistance Act,2021-22 Estimates To Date,1879887601
R1A,Department of Employment and Social Development,Ministère de lEmploi et du Développement social,S,Canada Student Grants to qualifying full and part-time students pursuant to the  Canada Student Financial Assistance Act,2022-23 Main Estimates,3414307523
R1A,Department of Employment and Social Development,Ministère de lEmploi et du Développement social,S,"Wage Earner Protection Program payments to eligible applicants owed wages and vacation pay, severance pay and termination pay from employers who are either bankrupt or in receivership as well as payments to trustees and receivers who will provide the necessary information to determine eligibility ( Wage Earner Protection Program Act )",2020-21 Expenditures,60577250
R1A,Department of Employment and Social Development,Ministère de lEmploi et du Développement social,S,"Wage Earner Protection Program payments to eligible applicants owed wages and vacation pay, severance pay and termination pay from employers who are either bankrupt or in receivership as well as payments to trustees and receivers who will provide the necessary information to determine eligibility ( Wage Earner Protection Program Act )",2021-22 Main Estimates,49250000
R1A,Department of Employment and Social Development,Ministère de lEmploi et du Développement social,S,"Wage Earner Protection Program payments to eligible applicants owed wages and vacation pay, severance pay and termination pay from employers who are either bankrupt or in receivership as well as payments to trustees and receivers who will provide the necessary information to determine eligibility ( Wage Earner Protection Program Act )",2021-22 Estimates To Date,49250000
R1A,Department of Employment and Social Development,Ministère de lEmploi et du Développement social,S,"Wage Earner Protection Program payments to eligible applicants owed wages and vacation pay, severance pay and termination pay from employers who are either bankrupt or in receivership as well as payments to trustees and receivers who will provide the necessary information to determine eligibility ( Wage Earner Protection Program Act )",2022-23 Main Estimates,49250000
R1A,Department of Employment and Social Development,Ministère de lEmploi et du Développement social,S,Canada Learning Bond payments to Registered Education Savings Plan (RESP) trustees on behalf of RESP beneficiaries to support access to post-secondary education for children from low-income families ( Canada  Education Savings Act ),2020-21 Expenditures,156403301
R1A,Department of Employment and Social Development,Ministère de lEmploi et du Développement social,S,Canada Learning Bond payments to Registered Education Savings Plan (RESP) trustees on behalf of RESP beneficiaries to support access to post-secondary education for children from low-income families ( Canada  Education Savings Act ),2021-22 Main Estimates,180000000
R1A,Department of Employment and Social Development,Ministère de lEmploi et du Développement social,S,Canada Learning Bond payments to Registered Education Savings Plan (RESP) trustees on behalf of RESP beneficiaries to support access to post-secondary education for children from low-income families ( Canada  Education Savings Act ),2021-22 Estimates To Date,180000000
R1A,Department of Employment and Social Development,Ministère de lEmploi et du Développement social,S,Canada Learning Bond payments to Registered Education Savings Plan (RESP) trustees on behalf of RESP beneficiaries to support access to post-secondary education for children from low-income families ( Canada  Education Savings Act ),2022-23 Main Estimates,181000000
R1A,Department of Employment and Social Development,Ministère de lEmploi et du Développement social,S,Payments to support Canadians experiencing homelessness pursuant to the  Public Health Events of National Concern Payments Act,2020-21 Expenditures,394075985
R1A,Department of Employment and Social Development,Ministère de lEmploi et du Développement social,S,Payments to support Canadians experiencing homelessness pursuant to the  Public Health Events of National Concern Payments Act,2021-22 Main Estimates,0
R1A,Department of Employment and Social Development,Ministère de lEmploi et du Développement social,S,Payments to support Canadians experiencing homelessness pursuant to the  Public Health Events of National Concern Payments Act,2021-22 Estimates To Date,0
R1A,Department of Employment and Social Development,Ministère de lEmploi et du Développement social,S,Payments to support Canadians experiencing homelessness pursuant to the  Public Health Events of National Concern Payments Act,2022-23 Main Estimates,0
R1A,Department of Employment and Social Development,Ministère de lEmploi et du Développement social,S,Payments to support a safe restart in Indigenous communities pursuant to the  Public Health Events of National Concern Payments Act,2020-21 Expenditures,63738124
R1A,Department of Employment and Social Development,Ministère de lEmploi et du Développement social,S,Payments to support a safe restart in Indigenous communities pursuant to the  Public Health Events of National Concern Payments Act,2021-22 Main Estimates,0
R1A,Department of Employment and Social Development,Ministère de lEmploi et du Développement social,S,Payments to support a safe restart in Indigenous communities pursuant to the  Public Health Events of National Concern Payments Act,2021-22 Estimates To Date,0
R1A,Department of Employment and Social Development,Ministère de lEmploi et du Développement social,S,Payments to support a safe restart in Indigenous communities pursuant to the  Public Health Events of National Concern Payments Act,2022-23 Main Estimates,0
R1A,Department of Employment and Social Development,Ministère de lEmploi et du Développement social,S,Payments to support provincial and territorial job training efforts pursuant to the  Public Health Events of National Concern Payments Act,2020-21 Expenditures,1499265340
R1A,Department of Employment and Social Development,Ministère de lEmploi et du Développement social,S,Payments to support provincial and territorial job training efforts pursuant to the  Public Health Events of National Concern Payments Act,2021-22 Main Estimates,0
R1A,Department of Employment and Social Development,Ministère de lEmploi et du Développement social,S,Payments to support provincial and territorial job training efforts pursuant to the  Public Health Events of National Concern Payments Act,2021-22 Estimates To Date,0
R1A,Department of Employment and Social Development,Ministère de lEmploi et du Développement social,S,Payments to support provincial and territorial job training efforts pursuant to the  Public Health Events of National Concern Payments Act,2022-23 Main Estimates,0
R1A,Department of Employment and Social Development,Ministère de lEmploi et du Développement social,S,Payments for personal support worker training and measures to address  labour shortages in long-term and home care pursuant to the  Public Health Events of National Concern Payments Act,2020-21 Expenditures,12550284
R1A,Department of Employment and Social Development,Ministère de lEmploi et du Développement social,S,Payments for personal support worker training and measures to address  labour shortages in long-term and home care pursuant to the  Public Health Events of National Concern Payments Act,2021-22 Main Estimates,0
R1A,Department of Employment and Social Development,Ministère de lEmploi et du Développement social,S,Payments for personal support worker training and measures to address  labour shortages in long-term and home care pursuant to the  Public Health Events of National Concern Payments Act,2021-22 Estimates To Date,0
R1A,Department of Employment and Social Development,Ministère de lEmploi et du Développement social,S,Payments for personal support worker training and measures to address  labour shortages in long-term and home care pursuant to the  Public Health Events of National Concern Payments Act,2022-23 Main Estimates,0
R1A,Department of Employment and Social Development,Ministère de lEmploi et du Développement social,S,Payments to support persons with disabilities pursuant to the  Public Health Events of National Concern Payments Act,2020-21 Expenditures,13250990
R1A,Department of Employment and Social Development,Ministère de lEmploi et du Développement social,S,Payments to support persons with disabilities pursuant to the  Public Health Events of National Concern Payments Act,2021-22 Main Estimates,0
R1A,Department of Employment and Social Development,Ministère de lEmploi et du Développement social,S,Payments to support persons with disabilities pursuant to the  Public Health Events of National Concern Payments Act,2021-22 Estimates To Date,0
R1A,Department of Employment and Social Development,Ministère de lEmploi et du Développement social,S,Payments to support persons with disabilities pursuant to the  Public Health Events of National Concern Payments Act,2022-23 Main Estimates,0
R1A,Department of Employment and Social Development,Ministère de lEmploi et du Développement social,S,Payments to address the outbreak of COVID-19 among temporary foreign workers on farms pursuant to the  Public Health Events of National  Concern Payments Act,2020-21 Expenditures,13158979
R1A,Department of Employment and Social Development,Ministère de lEmploi et du Développement social,S,Payments to address the outbreak of COVID-19 among temporary foreign workers on farms pursuant to the  Public Health Events of National  Concern Payments Act,2021-22 Main Estimates,0
R1A,Department of Employment and Social Development,Ministère de lEmploi et du Développement social,S,Payments to address the outbreak of COVID-19 among temporary foreign workers on farms pursuant to the  Public Health Events of National  Concern Payments Act,2021-22 Estimates To Date,0
R1A,Department of Employment and Social Development,Ministère de lEmploi et du Développement social,S,Payments to address the outbreak of COVID-19 among temporary foreign workers on farms pursuant to the  Public Health Events of National  Concern Payments Act,2022-23 Main Estimates,0
R1A,Department of Employment and Social Development,Ministère de lEmploi et du Développement social,S,Payment pursuant to section 24(1) of the  Financial Administration Act  for the Temporary Foreign Worker Program under the   Public Health Events of National Concern Payments Act,2020-21 Expenditures,2777000
R1A,Department of Employment and Social Development,Ministère de lEmploi et du Développement social,S,Payment pursuant to section 24(1) of the  Financial Administration Act  for the Temporary Foreign Worker Program under the   Public Health Events of National Concern Payments Act,2021-22 Main Estimates,0
R1A,Department of Employment and Social Development,Ministère de lEmploi et du Développement social,S,Payment pursuant to section 24(1) of the  Financial Administration Act  for the Temporary Foreign Worker Program under the   Public Health Events of National Concern Payments Act,2021-22 Estimates To Date,0
R1A,Department of Employment and Social Development,Ministère de lEmploi et du Développement social,S,Payment pursuant to section 24(1) of the  Financial Administration Act  for the Temporary Foreign Worker Program under the   Public Health Events of National Concern Payments Act,2022-23 Main Estimates,0
R1A,Department of Employment and Social Development,Ministère de lEmploi et du Développement social,S,Payments for the New Horizons for Seniors Program expansion pursuant to the  Public Health Events of National Concern Payments Act,2020-21 Expenditures,19973765
R1A,Department of Employment and Social Development,Ministère de lEmploi et du Développement social,S,Payments for the New Horizons for Seniors Program expansion pursuant to the  Public Health Events of National Concern Payments Act,2021-22 Main Estimates,0
R1A,Department of Employment and Social Development,Ministère de lEmploi et du Développement social,S,Payments for the New Horizons for Seniors Program expansion pursuant to the  Public Health Events of National Concern Payments Act,2021-22 Estimates To Date,0
R1A,Department of Employment and Social Development,Ministère de lEmploi et du Développement social,S,Payments for the New Horizons for Seniors Program expansion pursuant to the  Public Health Events of National Concern Payments Act,2022-23 Main Estimates,0
R1A,Department of Employment and Social Development,Ministère de lEmploi et du Développement social,S,Canada Education Savings grant payments to Registered Education Savings Plan (RESP) trustees on behalf of RESP beneficiaries to encourage Canadians to save for post-secondary education for their children ( Canada Education Savings Act ),2020-21 Expenditures,1016678793
R1A,Department of Employment and Social Development,Ministère de lEmploi et du Développement social,S,Canada Education Savings grant payments to Registered Education Savings Plan (RESP) trustees on behalf of RESP beneficiaries to encourage Canadians to save for post-secondary education for their children ( Canada Education Savings Act ),2021-22 Main Estimates,980000000
R1A,Department of Employment and Social Development,Ministère de lEmploi et du Développement social,S,Canada Education Savings grant payments to Registered Education Savings Plan (RESP) trustees on behalf of RESP beneficiaries to encourage Canadians to save for post-secondary education for their children ( Canada Education Savings Act ),2021-22 Estimates To Date,980000000
R1A,Department of Employment and Social Development,Ministère de lEmploi et du Développement social,S,Canada Education Savings grant payments to Registered Education Savings Plan (RESP) trustees on behalf of RESP beneficiaries to encourage Canadians to save for post-secondary education for their children ( Canada Education Savings Act ),2022-23 Main Estimates,1050000000
R1A,Department of Employment and Social Development,Ministère de lEmploi et du Développement social,S,Payments for the Canada Emergency Response Benefit pursuant to the  Public Health Events of National Concern Payments Act,2020-21 Expenditures,40697932887
R1A,Department of Employment and Social Development,Ministère de lEmploi et du Développement social,S,Payments for the Canada Emergency Response Benefit pursuant to the  Public Health Events of National Concern Payments Act,2021-22 Main Estimates,0
R1A,Department of Employment and Social Development,Ministère de lEmploi et du Développement social,S,Payments for the Canada Emergency Response Benefit pursuant to the  Public Health Events of National Concern Payments Act,2021-22 Estimates To Date,0
R1A,Department of Employment and Social Development,Ministère de lEmploi et du Développement social,S,Payments for the Canada Emergency Response Benefit pursuant to the  Public Health Events of National Concern Payments Act,2022-23 Main Estimates,0
R1A,Department of Employment and Social Development,Ministère de lEmploi et du Développement social,S,Payments for the Canada Recovery Benefit pursuant to the  Canada Recovery Benefits Act,2020-21 Expenditures,14464728912
R1A,Department of Employment and Social Development,Ministère de lEmploi et du Développement social,S,Payments for the Canada Recovery Benefit pursuant to the  Canada Recovery Benefits Act,2021-22 Main Estimates,3430000000
R1A,Department of Employment and Social Development,Ministère de lEmploi et du Développement social,S,Payments for the Canada Recovery Benefit pursuant to the  Canada Recovery Benefits Act,2021-22 Estimates To Date,3430000000
R1A,Department of Employment and Social Development,Ministère de lEmploi et du Développement social,S,Payments for the Canada Recovery Benefit pursuant to the  Canada Recovery Benefits Act,2022-23 Main Estimates,0
R1A,Department of Employment and Social Development,Ministère de lEmploi et du Développement social,S,Payments for the Canada Recovery Caregiving Benefit pursuant to the  Canada Recovery Benefits Act,2020-21 Expenditures,1965529481
R1A,Department of Employment and Social Development,Ministère de lEmploi et du Développement social,S,Payments for the Canada Recovery Caregiving Benefit pursuant to the  Canada Recovery Benefits Act,2021-22 Main Estimates,4525000000
R1A,Department of Employment and Social Development,Ministère de lEmploi et du Développement social,S,Payments for the Canada Recovery Caregiving Benefit pursuant to the  Canada Recovery Benefits Act,2021-22 Estimates To Date,4525000000
R1A,Department of Employment and Social Development,Ministère de lEmploi et du Développement social,S,Payments for the Canada Recovery Caregiving Benefit pursuant to the  Canada Recovery Benefits Act,2022-23 Main Estimates,317930000
R1A,Department of Finance,Ministère des Finances,1,Program expenditures,2020-21 Expenditures,3304039520
R1A,Department of Finance,Ministère des Finances,1,Program expenditures,2021-22 Main Estimates,114100475
R1A,Department of Finance,Ministère des Finances,1,Program expenditures,2021-22 Estimates To Date,114100475
R1A,Department of Finance,Ministère des Finances,1,Program expenditures,2022-23 Main Estimates,137905840
R1A,Department of Finance,Ministère des Finances,5,Authority for amount by way of direct payments to the International Development Association pursuant to  Bretton Woods and Related  Agreements Act,2020-21 Expenditures,0
R1A,Department of Finance,Ministère des Finances,5,Authority for amount by way of direct payments to the International Development Association pursuant to  Bretton Woods and Related  Agreements Act,2021-22 Main Estimates,1
R1A,Department of Finance,Ministère des Finances,5,Authority for amount by way of direct payments to the International Development Association pursuant to  Bretton Woods and Related  Agreements Act,2021-22 Estimates To Date,1
R1A,Department of Finance,Ministère des Finances,5,Authority for amount by way of direct payments to the International Development Association pursuant to  Bretton Woods and Related  Agreements Act,2022-23 Main Estimates,1
R1A,Department of Finance,Ministère des Finances,L10,"Authority to set the maximum amount payable to the International Development Association to provide financial assistance ( Bretton  Woods and Related Agreements Act , Section 8)",2020-21 Expenditures,0
R1A,Department of Finance,Ministère des Finances,L10,"Authority to set the maximum amount payable to the International Development Association to provide financial assistance ( Bretton  Woods and Related Agreements Act , Section 8)",2021-22 Main Estimates,0
R1A,Department of Finance,Ministère des Finances,L10,"Authority to set the maximum amount payable to the International Development Association to provide financial assistance ( Bretton  Woods and Related Agreements Act , Section 8)",2021-22 Estimates To Date,0
R1A,Department of Finance,Ministère des Finances,L10,"Authority to set the maximum amount payable to the International Development Association to provide financial assistance ( Bretton  Woods and Related Agreements Act , Section 8)",2022-23 Main Estimates,1
R1A,Department of Finance,Ministère des Finances,S,Payments for government advertising programs pursuant to the  Public Health Events of National Concern Payments Act,2020-21 Expenditures,10000000
R1A,Department of Finance,Ministère des Finances,S,Payments for government advertising programs pursuant to the  Public Health Events of National Concern Payments Act,2021-22 Main Estimates,0
R1A,Department of Finance,Ministère des Finances,S,Payments for government advertising programs pursuant to the  Public Health Events of National Concern Payments Act,2021-22 Estimates To Date,0
R1A,Department of Finance,Ministère des Finances,S,Payments for government advertising programs pursuant to the  Public Health Events of National Concern Payments Act,2022-23 Main Estimates,0
R1A,Department of Finance,Ministère des Finances,S,Payments to the COVID-19 Essential Workers Support Fund pursuant to paragraph 60.2(2)b of the  Financial Administration Act,2020-21 Expenditures,2538999989
R1A,Department of Finance,Ministère des Finances,S,Payments to the COVID-19 Essential Workers Support Fund pursuant to paragraph 60.2(2)b of the  Financial Administration Act,2021-22 Main Estimates,0
R1A,Department of Finance,Ministère des Finances,S,Payments to the COVID-19 Essential Workers Support Fund pursuant to paragraph 60.2(2)b of the  Financial Administration Act,2021-22 Estimates To Date,0
R1A,Department of Finance,Ministère des Finances,S,Payments to the COVID-19 Essential Workers Support Fund pursuant to paragraph 60.2(2)b of the  Financial Administration Act,2022-23 Main Estimates,0
R1A,Department of Finance,Ministère des Finances,S,Interest on Unmatured Debt ( Financial Administration Act ),2020-21 Expenditures,15095811768
R1A,Department of Finance,Ministère des Finances,S,Interest on Unmatured Debt ( Financial Administration Act ),2021-22 Main Estimates,15824892341
R1A,Department of Finance,Ministère des Finances,S,Interest on Unmatured Debt ( Financial Administration Act ),2021-22 Estimates To Date,15824892341
R1A,Department of Finance,Ministère des Finances,S,Interest on Unmatured Debt ( Financial Administration Act ),2022-23 Main Estimates,18743000000
R1A,Department of Finance,Ministère des Finances,S,Other Interest Costs,2020-21 Expenditures,5329760904
R1A,Department of Finance,Ministère des Finances,S,Other Interest Costs,2021-22 Main Estimates,5045341133
R1A,Department of Finance,Ministère des Finances,S,Other Interest Costs,2021-22 Estimates To Date,5045341133
R1A,Department of Finance,Ministère des Finances,S,Other Interest Costs,2022-23 Main Estimates,4858000000
R1A,Department of Finance,Ministère des Finances,S,Purchase of Domestic Coinage ( Royal Canadian Mint Act ),2020-21 Expenditures,85749130
R1A,Department of Finance,Ministère des Finances,S,Purchase of Domestic Coinage ( Royal Canadian Mint Act ),2021-22 Main Estimates,84000000
R1A,Department of Finance,Ministère des Finances,S,Purchase of Domestic Coinage ( Royal Canadian Mint Act ),2021-22 Estimates To Date,84000000
R1A,Department of Finance,Ministère des Finances,S,Purchase of Domestic Coinage ( Royal Canadian Mint Act ),2022-23 Main Estimates,80000000
R1A,Department of Finance,Ministère des Finances,S,Payments to the Canadian Commercial Corporation,2020-21 Expenditures,4000000
R1A,Department of Finance,Ministère des Finances,S,Payments to the Canadian Commercial Corporation,2021-22 Main Estimates,0
R1A,Department of Finance,Ministère des Finances,S,Payments to the Canadian Commercial Corporation,2021-22 Estimates To Date,0
R1A,Department of Finance,Ministère des Finances,S,Payments to the Canadian Commercial Corporation,2022-23 Main Estimates,0
R1A,Department of Finance,Ministère des Finances,S,Payments for the Safe Restart Agreement pursuant to paragraph 60.2(2)b of the  Financial Administration Act,2020-21 Expenditures,12276726000
R1A,Department of Finance,Ministère des Finances,S,Payments for the Safe Restart Agreement pursuant to paragraph 60.2(2)b of the  Financial Administration Act,2021-22 Main Estimates,0
R1A,Department of Finance,Ministère des Finances,S,Payments for the Safe Restart Agreement pursuant to paragraph 60.2(2)b of the  Financial Administration Act,2021-22 Estimates To Date,0
R1A,Department of Finance,Ministère des Finances,S,Payments for the Safe Restart Agreement pursuant to paragraph 60.2(2)b of the  Financial Administration Act,2022-23 Main Estimates,0
R1A,Department of Finance,Ministère des Finances,S,Payments to the Safe Return to Class Fund pursuant to paragraph 60.2(2)b of the  Financial Administration Act,2020-21 Expenditures,1000000000
R1A,Department of Finance,Ministère des Finances,S,Payments to the Safe Return to Class Fund pursuant to paragraph 60.2(2)b of the  Financial Administration Act,2021-22 Main Estimates,0
R1A,Department of Finance,Ministère des Finances,S,Payments to the Safe Return to Class Fund pursuant to paragraph 60.2(2)b of the  Financial Administration Act,2021-22 Estimates To Date,0
R1A,Department of Finance,Ministère des Finances,S,Payments to the Safe Return to Class Fund pursuant to paragraph 60.2(2)b of the  Financial Administration Act,2022-23 Main Estimates,0
R1A,Department of Finance,Ministère des Finances,S,"Youth Allowances Recovery ( Federal-Provincial Fiscal Revision Act , 1964)",2020-21 Expenditures,-1012720677
R1A,Department of Finance,Ministère des Finances,S,"Youth Allowances Recovery ( Federal-Provincial Fiscal Revision Act , 1964)",2021-22 Main Estimates,-1030231740
R1A,Department of Finance,Ministère des Finances,S,"Youth Allowances Recovery ( Federal-Provincial Fiscal Revision Act , 1964)",2021-22 Estimates To Date,-1030231740
R1A,Department of Finance,Ministère des Finances,S,"Youth Allowances Recovery ( Federal-Provincial Fiscal Revision Act , 1964)",2022-23 Main Estimates,-1151097000
R1A,Department of Finance,Ministère des Finances,S,Debt payments on behalf of poor countries to International Organizations pursuant to section 18(1) of the  Economic Recovery Act,2020-21 Expenditures,37894693
R1A,Department of Finance,Ministère des Finances,S,Debt payments on behalf of poor countries to International Organizations pursuant to section 18(1) of the  Economic Recovery Act,2021-22 Main Estimates,53132349
R1A,Department of Finance,Ministère des Finances,S,Debt payments on behalf of poor countries to International Organizations pursuant to section 18(1) of the  Economic Recovery Act,2021-22 Estimates To Date,53132349
R1A,Department of Finance,Ministère des Finances,S,Debt payments on behalf of poor countries to International Organizations pursuant to section 18(1) of the  Economic Recovery Act,2022-23 Main Estimates,53424144
R1A,Department of Finance,Ministère des Finances,S,Canada Social Transfer (Part V.1   Federal-Provincial Fiscal Arrangements Act ),2020-21 Expenditures,15023242000
R1A,Department of Finance,Ministère des Finances,S,Canada Social Transfer (Part V.1   Federal-Provincial Fiscal Arrangements Act ),2021-22 Main Estimates,15473939000
R1A,Department of Finance,Ministère des Finances,S,Canada Social Transfer (Part V.1   Federal-Provincial Fiscal Arrangements Act ),2021-22 Estimates To Date,15473939000
R1A,Department of Finance,Ministère des Finances,S,Canada Social Transfer (Part V.1   Federal-Provincial Fiscal Arrangements Act ),2022-23 Main Estimates,15938157000
R1A,Department of Finance,Ministère des Finances,S,Alternative Payments for Standing Programs (Part VI   Federal-Provincial Fiscal Arrangements Act ),2020-21 Expenditures,-4569544000
R1A,Department of Finance,Ministère des Finances,S,Alternative Payments for Standing Programs (Part VI   Federal-Provincial Fiscal Arrangements Act ),2021-22 Main Estimates,-4676879000
R1A,Department of Finance,Ministère des Finances,S,Alternative Payments for Standing Programs (Part VI   Federal-Provincial Fiscal Arrangements Act ),2021-22 Estimates To Date,-4676879000
R1A,Department of Finance,Ministère des Finances,S,Alternative Payments for Standing Programs (Part VI   Federal-Provincial Fiscal Arrangements Act ),2022-23 Main Estimates,-5224272000
R1A,Department of Finance,Ministère des Finances,S,Canada Health Transfer (Part V.1   Federal-Provincial Fiscal Arrangements Act ),2020-21 Expenditures,41880173684
R1A,Department of Finance,Ministère des Finances,S,Canada Health Transfer (Part V.1   Federal-Provincial Fiscal Arrangements Act ),2021-22 Main Estimates,43125784000
R1A,Department of Finance,Ministère des Finances,S,Canada Health Transfer (Part V.1   Federal-Provincial Fiscal Arrangements Act ),2021-22 Estimates To Date,43125784000
R1A,Department of Finance,Ministère des Finances,S,Canada Health Transfer (Part V.1   Federal-Provincial Fiscal Arrangements Act ),2022-23 Main Estimates,45207608000
R1A,Department of Finance,Ministère des Finances,S,Payments to International Development Association ( Bretton Woods and Related Agreements Act ),2020-21 Expenditures,423240000
R1A,Department of Finance,Ministère des Finances,S,Payments to International Development Association ( Bretton Woods and Related Agreements Act ),2021-22 Main Estimates,423240000
R1A,Department of Finance,Ministère des Finances,S,Payments to International Development Association ( Bretton Woods and Related Agreements Act ),2021-22 Estimates To Date,423240000
R1A,Department of Finance,Ministère des Finances,S,Payments to International Development Association ( Bretton Woods and Related Agreements Act ),2022-23 Main Estimates,911436000
R1A,Department of Finance,Ministère des Finances,S,"Statutory Subsidies ( Constitution Acts , 1867-1982, and Other Statutory Authorities)",2020-21 Expenditures,42639121
R1A,Department of Finance,Ministère des Finances,S,"Statutory Subsidies ( Constitution Acts , 1867-1982, and Other Statutory Authorities)",2021-22 Main Estimates,42639121
R1A,Department of Finance,Ministère des Finances,S,"Statutory Subsidies ( Constitution Acts , 1867-1982, and Other Statutory Authorities)",2021-22 Estimates To Date,42639121
R1A,Department of Finance,Ministère des Finances,S,"Statutory Subsidies ( Constitution Acts , 1867-1982, and Other Statutory Authorities)",2022-23 Main Estimates,42639341
R1A,Department of Finance,Ministère des Finances,S,Fiscal Equalization (Part I   Federal-Provincial Fiscal Arrangements Act ),2020-21 Expenditures,20572844000
R1A,Department of Finance,Ministère des Finances,S,Fiscal Equalization (Part I   Federal-Provincial Fiscal Arrangements Act ),2021-22 Main Estimates,20910789000
R1A,Department of Finance,Ministère des Finances,S,Fiscal Equalization (Part I   Federal-Provincial Fiscal Arrangements Act ),2021-22 Estimates To Date,20910789000
R1A,Department of Finance,Ministère des Finances,S,Fiscal Equalization (Part I   Federal-Provincial Fiscal Arrangements Act ),2022-23 Main Estimates,21920222000
R1A,Department of Finance,Ministère des Finances,S,Territorial Financing (Part I.1   Federal-Provincial Fiscal Arrangements Act ),2020-21 Expenditures,4180225221
R1A,Department of Finance,Ministère des Finances,S,Territorial Financing (Part I.1   Federal-Provincial Fiscal Arrangements Act ),2021-22 Main Estimates,4379878578
R1A,Department of Finance,Ministère des Finances,S,Territorial Financing (Part I.1   Federal-Provincial Fiscal Arrangements Act ),2021-22 Estimates To Date,4379878578
R1A,Department of Finance,Ministère des Finances,S,Territorial Financing (Part I.1   Federal-Provincial Fiscal Arrangements Act ),2022-23 Main Estimates,4552785221
R1A,Department of Finance,Ministère des Finances,S,"Establishment of a Canadian Securities Regulation Regime and Canadian Regulatory Authority ( Budget Implementation Act, 2009 )",2020-21 Expenditures,40330925
R1A,Department of Finance,Ministère des Finances,S,"Establishment of a Canadian Securities Regulation Regime and Canadian Regulatory Authority ( Budget Implementation Act, 2009 )",2021-22 Main Estimates,0
R1A,Department of Finance,Ministère des Finances,S,"Establishment of a Canadian Securities Regulation Regime and Canadian Regulatory Authority ( Budget Implementation Act, 2009 )",2021-22 Estimates To Date,0
R1A,Department of Finance,Ministère des Finances,S,"Establishment of a Canadian Securities Regulation Regime and Canadian Regulatory Authority ( Budget Implementation Act, 2009 )",2022-23 Main Estimates,0
R1A,Department of Finance,Ministère des Finances,S,Payment to the Province of Saskatchewan pursuant to paragraph 60.2(2)b of the  Financial Administration Act  to clean up orphan and  inactive oil and gas wells,2020-21 Expenditures,400000000
R1A,Department of Finance,Ministère des Finances,S,Payment to the Province of Saskatchewan pursuant to paragraph 60.2(2)b of the  Financial Administration Act  to clean up orphan and  inactive oil and gas wells,2021-22 Main Estimates,0
R1A,Department of Finance,Ministère des Finances,S,Payment to the Province of Saskatchewan pursuant to paragraph 60.2(2)b of the  Financial Administration Act  to clean up orphan and  inactive oil and gas wells,2021-22 Estimates To Date,0
R1A,Department of Finance,Ministère des Finances,S,Payment to the Province of Saskatchewan pursuant to paragraph 60.2(2)b of the  Financial Administration Act  to clean up orphan and  inactive oil and gas wells,2022-23 Main Estimates,0
R1A,Department of Finance,Ministère des Finances,S,Payment to the Province of British Columbia pursuant to paragraph 60.2(2)b of the  Financial Administration Act  to clean up orphan  and inactive oil and gas wells,2020-21 Expenditures,120000000
R1A,Department of Finance,Ministère des Finances,S,Payment to the Province of British Columbia pursuant to paragraph 60.2(2)b of the  Financial Administration Act  to clean up orphan  and inactive oil and gas wells,2021-22 Main Estimates,0
R1A,Department of Finance,Ministère des Finances,S,Payment to the Province of British Columbia pursuant to paragraph 60.2(2)b of the  Financial Administration Act  to clean up orphan  and inactive oil and gas wells,2021-22 Estimates To Date,0
R1A,Department of Finance,Ministère des Finances,S,Payment to the Province of British Columbia pursuant to paragraph 60.2(2)b of the  Financial Administration Act  to clean up orphan  and inactive oil and gas wells,2022-23 Main Estimates,0
R1A,Department of Finance,Ministère des Finances,S,Payment to the Province of Newfoundland and Labrador pursuant to paragraph 60.2(2)b of the  Financial Administration Act  to support  offshore energy sector workers,2020-21 Expenditures,320000000
R1A,Department of Finance,Ministère des Finances,S,Payment to the Province of Newfoundland and Labrador pursuant to paragraph 60.2(2)b of the  Financial Administration Act  to support  offshore energy sector workers,2021-22 Main Estimates,0
R1A,Department of Finance,Ministère des Finances,S,Payment to the Province of Newfoundland and Labrador pursuant to paragraph 60.2(2)b of the  Financial Administration Act  to support  offshore energy sector workers,2021-22 Estimates To Date,0
R1A,Department of Finance,Ministère des Finances,S,Payment to the Province of Newfoundland and Labrador pursuant to paragraph 60.2(2)b of the  Financial Administration Act  to support  offshore energy sector workers,2022-23 Main Estimates,0
R1A,Department of Finance,Ministère des Finances,S,Payment to Albertas Orphan Well Association pursuant to paragraph 60.2(2)b of the  Financial Administration Act  to clean up orphan  oil and gas wells,2020-21 Expenditures,200000000
R1A,Department of Finance,Ministère des Finances,S,Payment to Albertas Orphan Well Association pursuant to paragraph 60.2(2)b of the  Financial Administration Act  to clean up orphan  oil and gas wells,2021-22 Main Estimates,0
R1A,Department of Finance,Ministère des Finances,S,Payment to Albertas Orphan Well Association pursuant to paragraph 60.2(2)b of the  Financial Administration Act  to clean up orphan  oil and gas wells,2021-22 Estimates To Date,0
R1A,Department of Finance,Ministère des Finances,S,Payment to Albertas Orphan Well Association pursuant to paragraph 60.2(2)b of the  Financial Administration Act  to clean up orphan  oil and gas wells,2022-23 Main Estimates,0
R1A,Department of Finance,Ministère des Finances,S,Payment to the Canada Enterprise Emergency Funding Corporation to purchase shares pursuant to paragraph 60.2(2)(a) of the  Financial  Administration Act  to support the Large Employer Emergency Financing Facility,2020-21 Expenditures,420000000
R1A,Department of Finance,Ministère des Finances,S,Payment to the Canada Enterprise Emergency Funding Corporation to purchase shares pursuant to paragraph 60.2(2)(a) of the  Financial  Administration Act  to support the Large Employer Emergency Financing Facility,2021-22 Main Estimates,0
R1A,Department of Finance,Ministère des Finances,S,Payment to the Canada Enterprise Emergency Funding Corporation to purchase shares pursuant to paragraph 60.2(2)(a) of the  Financial  Administration Act  to support the Large Employer Emergency Financing Facility,2021-22 Estimates To Date,0
R1A,Department of Finance,Ministère des Finances,S,Payment to the Canada Enterprise Emergency Funding Corporation to purchase shares pursuant to paragraph 60.2(2)(a) of the  Financial  Administration Act  to support the Large Employer Emergency Financing Facility,2022-23 Main Estimates,0
R1A,Department of Finance,Ministère des Finances,S,Contributions to employee benefit plans,2020-21 Expenditures,13841721
R1A,Department of Finance,Ministère des Finances,S,Contributions to employee benefit plans,2021-22 Main Estimates,12942149
R1A,Department of Finance,Ministère des Finances,S,Contributions to employee benefit plans,2021-22 Estimates To Date,12942149
R1A,Department of Finance,Ministère des Finances,S,Contributions to employee benefit plans,2022-23 Main Estimates,14951134
R1A,Department of Finance,Ministère des Finances,S,Deputy Prime Minister and Minister of Finance  Salary and motor car allowance  ( Salaries Act  and  Parliament of Canada Act ),2020-21 Expenditures,33810
R1A,Department of Finance,Ministère des Finances,S,Deputy Prime Minister and Minister of Finance  Salary and motor car allowance  ( Salaries Act  and  Parliament of Canada Act ),2021-22 Main Estimates,90500
R1A,Department of Finance,Ministère des Finances,S,Deputy Prime Minister and Minister of Finance  Salary and motor car allowance  ( Salaries Act  and  Parliament of Canada Act ),2021-22 Estimates To Date,90500
R1A,Department of Finance,Ministère des Finances,S,Deputy Prime Minister and Minister of Finance  Salary and motor car allowance  ( Salaries Act  and  Parliament of Canada Act ),2022-23 Main Estimates,92500
R1A,Department of Finance,Ministère des Finances,S,Minister of State (Minister of Tourism and Associate Minister of Finance)  Motor car allowance ( Parliament of Canada Act ),2020-21 Expenditures,2000
R1A,Department of Finance,Ministère des Finances,S,Minister of State (Minister of Tourism and Associate Minister of Finance)  Motor car allowance ( Parliament of Canada Act ),2021-22 Main Estimates,2000
R1A,Department of Finance,Ministère des Finances,S,Minister of State (Minister of Tourism and Associate Minister of Finance)  Motor car allowance ( Parliament of Canada Act ),2021-22 Estimates To Date,2000
R1A,Department of Finance,Ministère des Finances,S,Minister of State (Minister of Tourism and Associate Minister of Finance)  Motor car allowance ( Parliament of Canada Act ),2022-23 Main Estimates,2000
R1A,Department of Finance,Ministère des Finances,S,Other Statutory items listed in the Public Accounts of Canada,2020-21 Expenditures,46552268083
R1A,Department of Finance,Ministère des Finances,S,Other Statutory items listed in the Public Accounts of Canada,2021-22 Main Estimates,0
R1A,Department of Finance,Ministère des Finances,S,Other Statutory items listed in the Public Accounts of Canada,2021-22 Estimates To Date,0
R1A,Department of Finance,Ministère des Finances,S,Other Statutory items listed in the Public Accounts of Canada,2022-23 Main Estimates,0
R1A,Department of Finance,Ministère des Finances,S,Payment to the Canada Infrastructure Bank,2020-21 Expenditures,52946747
R1A,Department of Finance,Ministère des Finances,S,Payment to the Canada Infrastructure Bank,2021-22 Main Estimates,3967976000
R1A,Department of Finance,Ministère des Finances,S,Payment to the Canada Infrastructure Bank,2021-22 Estimates To Date,3967976000
R1A,Department of Finance,Ministère des Finances,S,Payment to the Canada Infrastructure Bank,2022-23 Main Estimates,4533117000
R1A,Department of Finance,Ministère des Finances,S,Asian Infrastructure Investment Bank - Canada's purchase of initial shares pursuant to the  Asian Infrastructure Investment Bank Agreement Act,2020-21 Expenditures,0
R1A,Department of Finance,Ministère des Finances,S,Asian Infrastructure Investment Bank - Canada's purchase of initial shares pursuant to the  Asian Infrastructure Investment Bank Agreement Act,2021-22 Main Estimates,49000000
R1A,Department of Finance,Ministère des Finances,S,Asian Infrastructure Investment Bank - Canada's purchase of initial shares pursuant to the  Asian Infrastructure Investment Bank Agreement Act,2021-22 Estimates To Date,49000000
R1A,Department of Finance,Ministère des Finances,S,Asian Infrastructure Investment Bank - Canada's purchase of initial shares pursuant to the  Asian Infrastructure Investment Bank Agreement Act,2022-23 Main Estimates,0
R1A,Department of Finance,Ministère des Finances,S,"Financial assistance to the International Development Association ( Bretton Woods and Related Agreements Act, Section 8 )",2020-21 Expenditures,0
R1A,Department of Finance,Ministère des Finances,S,"Financial assistance to the International Development Association ( Bretton Woods and Related Agreements Act, Section 8 )",2021-22 Main Estimates,0
R1A,Department of Finance,Ministère des Finances,S,"Financial assistance to the International Development Association ( Bretton Woods and Related Agreements Act, Section 8 )",2021-22 Estimates To Date,0
R1A,Department of Finance,Ministère des Finances,S,"Financial assistance to the International Development Association ( Bretton Woods and Related Agreements Act, Section 8 )",2022-23 Main Estimates,361709000
R1A,Department of Finance,Ministère des Finances,S,Additional Fiscal Equalization Offset Payment to Nova Scotia ( Nova Scotia and Newfoundland and Labrador Additional Fiscal Equalization Offset  Payments Act ),2020-21 Expenditures,0
R1A,Department of Finance,Ministère des Finances,S,Additional Fiscal Equalization Offset Payment to Nova Scotia ( Nova Scotia and Newfoundland and Labrador Additional Fiscal Equalization Offset  Payments Act ),2021-22 Main Estimates,0
R1A,Department of Finance,Ministère des Finances,S,Additional Fiscal Equalization Offset Payment to Nova Scotia ( Nova Scotia and Newfoundland and Labrador Additional Fiscal Equalization Offset  Payments Act ),2021-22 Estimates To Date,0
R1A,Department of Finance,Ministère des Finances,S,Additional Fiscal Equalization Offset Payment to Nova Scotia ( Nova Scotia and Newfoundland and Labrador Additional Fiscal Equalization Offset  Payments Act ),2022-23 Main Estimates,47772000
R1A,Department of Fisheries and Oceans,Ministère des Pêches et des Océans,NA,Items voted in prior Estimates,2020-21 Expenditures,3027874
R1A,Department of Fisheries and Oceans,Ministère des Pêches et des Océans,NA,Items voted in prior Estimates,2021-22 Main Estimates,0
R1A,Department of Fisheries and Oceans,Ministère des Pêches et des Océans,NA,Items voted in prior Estimates,2021-22 Estimates To Date,0
R1A,Department of Fisheries and Oceans,Ministère des Pêches et des Océans,NA,Items voted in prior Estimates,2022-23 Main Estimates,0
R1A,Department of Fisheries and Oceans,Ministère des Pêches et des Océans,1,Operating expenditures,2020-21 Expenditures,1960997640
R1A,Department of Fisheries and Oceans,Ministère des Pêches et des Océans,1,Operating expenditures,2021-22 Main Estimates,1885591877
R1A,Department of Fisheries and Oceans,Ministère des Pêches et des Océans,1,Operating expenditures,2021-22 Estimates To Date,1885591877
R1A,Department of Fisheries and Oceans,Ministère des Pêches et des Océans,1,Operating expenditures,2022-23 Main Estimates,1945555178
R1A,Department of Fisheries and Oceans,Ministère des Pêches et des Océans,5,Capital expenditures,2020-21 Expenditures,773359286
R1A,Department of Fisheries and Oceans,Ministère des Pêches et des Océans,5,Capital expenditures,2021-22 Main Estimates,1155699577
R1A,Department of Fisheries and Oceans,Ministère des Pêches et des Océans,5,Capital expenditures,2021-22 Estimates To Date,1155699577
R1A,Department of Fisheries and Oceans,Ministère des Pêches et des Océans,5,Capital expenditures,2022-23 Main Estimates,1241313712
R1A,Department of Fisheries and Oceans,Ministère des Pêches et des Océans,10,Grants and contributions,2020-21 Expenditures,291858397
R1A,Department of Fisheries and Oceans,Ministère des Pêches et des Océans,10,Grants and contributions,2021-22 Main Estimates,1173395129
R1A,Department of Fisheries and Oceans,Ministère des Pêches et des Océans,10,Grants and contributions,2021-22 Estimates To Date,1173395129
R1A,Department of Fisheries and Oceans,Ministère des Pêches et des Océans,10,Grants and contributions,2022-23 Main Estimates,620111679
R1A,Department of Fisheries and Oceans,Ministère des Pêches et des Océans,S,Contributions to employee benefit plans,2020-21 Expenditures,173592986
R1A,Department of Fisheries and Oceans,Ministère des Pêches et des Océans,S,Contributions to employee benefit plans,2021-22 Main Estimates,168289784
R1A,Department of Fisheries and Oceans,Ministère des Pêches et des Océans,S,Contributions to employee benefit plans,2021-22 Estimates To Date,168289784
R1A,Department of Fisheries and Oceans,Ministère des Pêches et des Océans,S,Contributions to employee benefit plans,2022-23 Main Estimates,179795315
R1A,Department of Fisheries and Oceans,Ministère des Pêches et des Océans,S,"Minister of Fisheries, Oceans and the Canadian Coast Guard   Salary and motor car allowance ( Salaries Act  and  Parliament of Canada Act )",2020-21 Expenditures,89200
R1A,Department of Fisheries and Oceans,Ministère des Pêches et des Océans,S,"Minister of Fisheries, Oceans and the Canadian Coast Guard   Salary and motor car allowance ( Salaries Act  and  Parliament of Canada Act )",2021-22 Main Estimates,90500
R1A,Department of Fisheries and Oceans,Ministère des Pêches et des Océans,S,"Minister of Fisheries, Oceans and the Canadian Coast Guard   Salary and motor car allowance ( Salaries Act  and  Parliament of Canada Act )",2021-22 Estimates To Date,90500
R1A,Department of Fisheries and Oceans,Ministère des Pêches et des Océans,S,"Minister of Fisheries, Oceans and the Canadian Coast Guard   Salary and motor car allowance ( Salaries Act  and  Parliament of Canada Act )",2022-23 Main Estimates,92500
R1A,Department of Fisheries and Oceans,Ministère des Pêches et des Océans,S,Other Statutory items listed in the Public Accounts of Canada,2020-21 Expenditures,3155816
R1A,Department of Fisheries and Oceans,Ministère des Pêches et des Océans,S,Other Statutory items listed in the Public Accounts of Canada,2021-22 Main Estimates,0
R1A,Department of Fisheries and Oceans,Ministère des Pêches et des Océans,S,Other Statutory items listed in the Public Accounts of Canada,2021-22 Estimates To Date,0
R1A,Department of Fisheries and Oceans,Ministère des Pêches et des Océans,S,Other Statutory items listed in the Public Accounts of Canada,2022-23 Main Estimates,0
R1A,Department of Fisheries and Oceans,Ministère des Pêches et des Océans,S,Payments to support Canadas fish harvesters pursuant to the  Public Health Events of National Concern Payments Act,2020-21 Expenditures,140906182
R1A,Department of Fisheries and Oceans,Ministère des Pêches et des Océans,S,Payments to support Canadas fish harvesters pursuant to the  Public Health Events of National Concern Payments Act,2021-22 Main Estimates,0
R1A,Department of Fisheries and Oceans,Ministère des Pêches et des Océans,S,Payments to support Canadas fish harvesters pursuant to the  Public Health Events of National Concern Payments Act,2021-22 Estimates To Date,0
R1A,Department of Fisheries and Oceans,Ministère des Pêches et des Océans,S,Payments to support Canadas fish harvesters pursuant to the  Public Health Events of National Concern Payments Act,2022-23 Main Estimates,0
R1A,"Department of Foreign Affairs, Trade and Development","Ministère des Affaires étrangères, du Commerce et du Développement",NA,Items voted in prior Estimates,2020-21 Expenditures,-11914083
R1A,"Department of Foreign Affairs, Trade and Development","Ministère des Affaires étrangères, du Commerce et du Développement",NA,Items voted in prior Estimates,2021-22 Main Estimates,0
R1A,"Department of Foreign Affairs, Trade and Development","Ministère des Affaires étrangères, du Commerce et du Développement",NA,Items voted in prior Estimates,2021-22 Estimates To Date,0
R1A,"Department of Foreign Affairs, Trade and Development","Ministère des Affaires étrangères, du Commerce et du Développement",NA,Items voted in prior Estimates,2022-23 Main Estimates,0
R1A,"Department of Foreign Affairs, Trade and Development","Ministère des Affaires étrangères, du Commerce et du Développement",1,Operating expenditures,2020-21 Expenditures,1803126252
R1A,"Department of Foreign Affairs, Trade and Development","Ministère des Affaires étrangères, du Commerce et du Développement",1,Operating expenditures,2021-22 Main Estimates,1878192919
R1A,"Department of Foreign Affairs, Trade and Development","Ministère des Affaires étrangères, du Commerce et du Développement",1,Operating expenditures,2021-22 Estimates To Date,1878192919
R1A,"Department of Foreign Affairs, Trade and Development","Ministère des Affaires étrangères, du Commerce et du Développement",1,Operating expenditures,2022-23 Main Estimates,1890294771
R1A,"Department of Foreign Affairs, Trade and Development","Ministère des Affaires étrangères, du Commerce et du Développement",5,Capital expenditures,2020-21 Expenditures,105479609
R1A,"Department of Foreign Affairs, Trade and Development","Ministère des Affaires étrangères, du Commerce et du Développement",5,Capital expenditures,2021-22 Main Estimates,106409752
R1A,"Department of Foreign Affairs, Trade and Development","Ministère des Affaires étrangères, du Commerce et du Développement",5,Capital expenditures,2021-22 Estimates To Date,106409752
R1A,"Department of Foreign Affairs, Trade and Development","Ministère des Affaires étrangères, du Commerce et du Développement",5,Capital expenditures,2022-23 Main Estimates,200867109
R1A,"Department of Foreign Affairs, Trade and Development","Ministère des Affaires étrangères, du Commerce et du Développement",10,Grants and contributions,2020-21 Expenditures,6760167451
R1A,"Department of Foreign Affairs, Trade and Development","Ministère des Affaires étrangères, du Commerce et du Développement",10,Grants and contributions,2021-22 Main Estimates,4275879707
R1A,"Department of Foreign Affairs, Trade and Development","Ministère des Affaires étrangères, du Commerce et du Développement",10,Grants and contributions,2021-22 Estimates To Date,4275879707
R1A,"Department of Foreign Affairs, Trade and Development","Ministère des Affaires étrangères, du Commerce et du Développement",10,Grants and contributions,2022-23 Main Estimates,4904813670
R1A,"Department of Foreign Affairs, Trade and Development","Ministère des Affaires étrangères, du Commerce et du Développement",15,"Payments, in respect of pension, insurance and social security programs or other arrangements for employees locally engaged outside of Canada, or in respect of the administration of such programs or arrangements",2020-21 Expenditures,70997725
R1A,"Department of Foreign Affairs, Trade and Development","Ministère des Affaires étrangères, du Commerce et du Développement",15,"Payments, in respect of pension, insurance and social security programs or other arrangements for employees locally engaged outside of Canada, or in respect of the administration of such programs or arrangements",2021-22 Main Estimates,85473000
R1A,"Department of Foreign Affairs, Trade and Development","Ministère des Affaires étrangères, du Commerce et du Développement",15,"Payments, in respect of pension, insurance and social security programs or other arrangements for employees locally engaged outside of Canada, or in respect of the administration of such programs or arrangements",2021-22 Estimates To Date,85473000
R1A,"Department of Foreign Affairs, Trade and Development","Ministère des Affaires étrangères, du Commerce et du Développement",15,"Payments, in respect of pension, insurance and social security programs or other arrangements for employees locally engaged outside of Canada, or in respect of the administration of such programs or arrangements",2022-23 Main Estimates,91817000
R1A,"Department of Foreign Affairs, Trade and Development","Ministère des Affaires étrangères, du Commerce et du Développement",20,"Pursuant to subsection 12(2) of the  International Development (Financial Institutions) Assistance Act , payments to international  financial institutions  Direct payments",2020-21 Expenditures,0
R1A,"Department of Foreign Affairs, Trade and Development","Ministère des Affaires étrangères, du Commerce et du Développement",20,"Pursuant to subsection 12(2) of the  International Development (Financial Institutions) Assistance Act , payments to international  financial institutions  Direct payments",2021-22 Main Estimates,1
R1A,"Department of Foreign Affairs, Trade and Development","Ministère des Affaires étrangères, du Commerce et du Développement",20,"Pursuant to subsection 12(2) of the  International Development (Financial Institutions) Assistance Act , payments to international  financial institutions  Direct payments",2021-22 Estimates To Date,1
R1A,"Department of Foreign Affairs, Trade and Development","Ministère des Affaires étrangères, du Commerce et du Développement",20,"Pursuant to subsection 12(2) of the  International Development (Financial Institutions) Assistance Act , payments to international  financial institutions  Direct payments",2022-23 Main Estimates,1
R1A,"Department of Foreign Affairs, Trade and Development","Ministère des Affaires étrangères, du Commerce et du Développement",L25,"Pursuant to subsection 12(2) of the  International Development  (Financial Institutions) Assistance Act , payments to international  financial institutions  Capital subscriptions",2020-21 Expenditures,0
R1A,"Department of Foreign Affairs, Trade and Development","Ministère des Affaires étrangères, du Commerce et du Développement",L25,"Pursuant to subsection 12(2) of the  International Development  (Financial Institutions) Assistance Act , payments to international  financial institutions  Capital subscriptions",2021-22 Main Estimates,1
R1A,"Department of Foreign Affairs, Trade and Development","Ministère des Affaires étrangères, du Commerce et du Développement",L25,"Pursuant to subsection 12(2) of the  International Development  (Financial Institutions) Assistance Act , payments to international  financial institutions  Capital subscriptions",2021-22 Estimates To Date,1
R1A,"Department of Foreign Affairs, Trade and Development","Ministère des Affaires étrangères, du Commerce et du Développement",L25,"Pursuant to subsection 12(2) of the  International Development  (Financial Institutions) Assistance Act , payments to international  financial institutions  Capital subscriptions",2022-23 Main Estimates,1
R1A,"Department of Foreign Affairs, Trade and Development","Ministère des Affaires étrangères, du Commerce et du Développement",L30,Loans   International Financial Assistance Act,2020-21 Expenditures,0
R1A,"Department of Foreign Affairs, Trade and Development","Ministère des Affaires étrangères, du Commerce et du Développement",L30,Loans   International Financial Assistance Act,2021-22 Main Estimates,154000000
R1A,"Department of Foreign Affairs, Trade and Development","Ministère des Affaires étrangères, du Commerce et du Développement",L30,Loans   International Financial Assistance Act,2021-22 Estimates To Date,154000000
R1A,"Department of Foreign Affairs, Trade and Development","Ministère des Affaires étrangères, du Commerce et du Développement",L30,Loans   International Financial Assistance Act,2022-23 Main Estimates,201000000
R1A,"Department of Foreign Affairs, Trade and Development","Ministère des Affaires étrangères, du Commerce et du Développement",S,Contributions to employee benefit plans,2020-21 Expenditures,128074453
R1A,"Department of Foreign Affairs, Trade and Development","Ministère des Affaires étrangères, du Commerce et du Développement",S,Contributions to employee benefit plans,2021-22 Main Estimates,118749437
R1A,"Department of Foreign Affairs, Trade and Development","Ministère des Affaires étrangères, du Commerce et du Développement",S,Contributions to employee benefit plans,2021-22 Estimates To Date,118749437
R1A,"Department of Foreign Affairs, Trade and Development","Ministère des Affaires étrangères, du Commerce et du Développement",S,Contributions to employee benefit plans,2022-23 Main Estimates,122727807
R1A,"Department of Foreign Affairs, Trade and Development","Ministère des Affaires étrangères, du Commerce et du Développement",S,Minister of Foreign Affairs  Salary and motor car allowance ( Salaries Act  and  Parliament of Canada Act ),2020-21 Expenditures,89040
R1A,"Department of Foreign Affairs, Trade and Development","Ministère des Affaires étrangères, du Commerce et du Développement",S,Minister of Foreign Affairs  Salary and motor car allowance ( Salaries Act  and  Parliament of Canada Act ),2021-22 Main Estimates,90500
R1A,"Department of Foreign Affairs, Trade and Development","Ministère des Affaires étrangères, du Commerce et du Développement",S,Minister of Foreign Affairs  Salary and motor car allowance ( Salaries Act  and  Parliament of Canada Act ),2021-22 Estimates To Date,90500
R1A,"Department of Foreign Affairs, Trade and Development","Ministère des Affaires étrangères, du Commerce et du Développement",S,Minister of Foreign Affairs  Salary and motor car allowance ( Salaries Act  and  Parliament of Canada Act ),2022-23 Main Estimates,92500
R1A,"Department of Foreign Affairs, Trade and Development","Ministère des Affaires étrangères, du Commerce et du Développement",S,"Minister of International Trade, Export Promotion, Small Business and Economic Development  Salary and motor car allowance ( Salaries Act  and  Parliament  of Canada Act )",2020-21 Expenditures,89200
R1A,"Department of Foreign Affairs, Trade and Development","Ministère des Affaires étrangères, du Commerce et du Développement",S,"Minister of International Trade, Export Promotion, Small Business and Economic Development  Salary and motor car allowance ( Salaries Act  and  Parliament  of Canada Act )",2021-22 Main Estimates,90500
R1A,"Department of Foreign Affairs, Trade and Development","Ministère des Affaires étrangères, du Commerce et du Développement",S,"Minister of International Trade, Export Promotion, Small Business and Economic Development  Salary and motor car allowance ( Salaries Act  and  Parliament  of Canada Act )",2021-22 Estimates To Date,90500
R1A,"Department of Foreign Affairs, Trade and Development","Ministère des Affaires étrangères, du Commerce et du Développement",S,"Minister of International Trade, Export Promotion, Small Business and Economic Development  Salary and motor car allowance ( Salaries Act  and  Parliament  of Canada Act )",2022-23 Main Estimates,92500
R1A,"Department of Foreign Affairs, Trade and Development","Ministère des Affaires étrangères, du Commerce et du Développement",S,Minister of International Development  Salary and motor car allowance ( Salaries Act  and  Parliament of Canada Act ),2020-21 Expenditures,89200
R1A,"Department of Foreign Affairs, Trade and Development","Ministère des Affaires étrangères, du Commerce et du Développement",S,Minister of International Development  Salary and motor car allowance ( Salaries Act  and  Parliament of Canada Act ),2021-22 Main Estimates,90500
R1A,"Department of Foreign Affairs, Trade and Development","Ministère des Affaires étrangères, du Commerce et du Développement",S,Minister of International Development  Salary and motor car allowance ( Salaries Act  and  Parliament of Canada Act ),2021-22 Estimates To Date,90500
R1A,"Department of Foreign Affairs, Trade and Development","Ministère des Affaires étrangères, du Commerce et du Développement",S,Minister of International Development  Salary and motor car allowance ( Salaries Act  and  Parliament of Canada Act ),2022-23 Main Estimates,92500
R1A,"Department of Foreign Affairs, Trade and Development","Ministère des Affaires étrangères, du Commerce et du Développement",S,Other Statutory items listed in the Public Accounts of Canada,2020-21 Expenditures,157728228
R1A,"Department of Foreign Affairs, Trade and Development","Ministère des Affaires étrangères, du Commerce et du Développement",S,Other Statutory items listed in the Public Accounts of Canada,2021-22 Main Estimates,0
R1A,"Department of Foreign Affairs, Trade and Development","Ministère des Affaires étrangères, du Commerce et du Développement",S,Other Statutory items listed in the Public Accounts of Canada,2021-22 Estimates To Date,0
R1A,"Department of Foreign Affairs, Trade and Development","Ministère des Affaires étrangères, du Commerce et du Développement",S,Other Statutory items listed in the Public Accounts of Canada,2022-23 Main Estimates,0
R1A,"Department of Foreign Affairs, Trade and Development","Ministère des Affaires étrangères, du Commerce et du Développement",S,Payments for consular assistance pursuant to the   Public Health Events of National Concern Payments Act,2020-21 Expenditures,54862817
R1A,"Department of Foreign Affairs, Trade and Development","Ministère des Affaires étrangères, du Commerce et du Développement",S,Payments for consular assistance pursuant to the   Public Health Events of National Concern Payments Act,2021-22 Main Estimates,0
R1A,"Department of Foreign Affairs, Trade and Development","Ministère des Affaires étrangères, du Commerce et du Développement",S,Payments for consular assistance pursuant to the   Public Health Events of National Concern Payments Act,2021-22 Estimates To Date,0
R1A,"Department of Foreign Affairs, Trade and Development","Ministère des Affaires étrangères, du Commerce et du Développement",S,Payments for consular assistance pursuant to the   Public Health Events of National Concern Payments Act,2022-23 Main Estimates,0
R1A,"Department of Foreign Affairs, Trade and Development","Ministère des Affaires étrangères, du Commerce et du Développement",S,"Payments under the  Diplomatic Service (Special) Superannuation Act  (R.S.C., 1985, c. D-2)",2020-21 Expenditures,772101
R1A,"Department of Foreign Affairs, Trade and Development","Ministère des Affaires étrangères, du Commerce et du Développement",S,"Payments under the  Diplomatic Service (Special) Superannuation Act  (R.S.C., 1985, c. D-2)",2021-22 Main Estimates,900000
R1A,"Department of Foreign Affairs, Trade and Development","Ministère des Affaires étrangères, du Commerce et du Développement",S,"Payments under the  Diplomatic Service (Special) Superannuation Act  (R.S.C., 1985, c. D-2)",2021-22 Estimates To Date,900000
R1A,"Department of Foreign Affairs, Trade and Development","Ministère des Affaires étrangères, du Commerce et du Développement",S,"Payments under the  Diplomatic Service (Special) Superannuation Act  (R.S.C., 1985, c. D-2)",2022-23 Main Estimates,900000
R1A,"Department of Foreign Affairs, Trade and Development","Ministère des Affaires étrangères, du Commerce et du Développement",S,Payments to International Financial Institutions  Direct payments ( International Development (Financial Institutions) Assistance Act ),2020-21 Expenditures,260230820
R1A,"Department of Foreign Affairs, Trade and Development","Ministère des Affaires étrangères, du Commerce et du Développement",S,Payments to International Financial Institutions  Direct payments ( International Development (Financial Institutions) Assistance Act ),2021-22 Main Estimates,257361748
R1A,"Department of Foreign Affairs, Trade and Development","Ministère des Affaires étrangères, du Commerce et du Développement",S,Payments to International Financial Institutions  Direct payments ( International Development (Financial Institutions) Assistance Act ),2021-22 Estimates To Date,257361748
R1A,"Department of Foreign Affairs, Trade and Development","Ministère des Affaires étrangères, du Commerce et du Développement",S,Payments to International Financial Institutions  Direct payments ( International Development (Financial Institutions) Assistance Act ),2022-23 Main Estimates,257361748
R1A,"Department of Foreign Affairs, Trade and Development","Ministère des Affaires étrangères, du Commerce et du Développement",S,Payments to International Financial Institutions  Capital subscriptions ( International Development (Financial Institutions) Assistance Act ),2020-21 Expenditures,50277321
R1A,"Department of Foreign Affairs, Trade and Development","Ministère des Affaires étrangères, du Commerce et du Développement",S,Payments to International Financial Institutions  Capital subscriptions ( International Development (Financial Institutions) Assistance Act ),2021-22 Main Estimates,49435453
R1A,"Department of Foreign Affairs, Trade and Development","Ministère des Affaires étrangères, du Commerce et du Développement",S,Payments to International Financial Institutions  Capital subscriptions ( International Development (Financial Institutions) Assistance Act ),2021-22 Estimates To Date,49435453
R1A,"Department of Foreign Affairs, Trade and Development","Ministère des Affaires étrangères, du Commerce et du Développement",S,Payments to International Financial Institutions  Capital subscriptions ( International Development (Financial Institutions) Assistance Act ),2022-23 Main Estimates,147321230
R1A,Department of Health,Ministère de la Santé,1,Operating expenditures,2020-21 Expenditures,911711901
R1A,Department of Health,Ministère de la Santé,1,Operating expenditures,2021-22 Main Estimates,1141052704
R1A,Department of Health,Ministère de la Santé,1,Operating expenditures,2021-22 Estimates To Date,1141052704
R1A,Department of Health,Ministère de la Santé,1,Operating expenditures,2022-23 Main Estimates,1215459268
R1A,Department of Health,Ministère de la Santé,5,Capital expenditures,2020-21 Expenditures,18964138
R1A,Department of Health,Ministère de la Santé,5,Capital expenditures,2021-22 Main Estimates,17505187
R1A,Department of Health,Ministère de la Santé,5,Capital expenditures,2021-22 Estimates To Date,17505187
R1A,Department of Health,Ministère de la Santé,5,Capital expenditures,2022-23 Main Estimates,17149187
R1A,Department of Health,Ministère de la Santé,10,Grants and contributions,2020-21 Expenditures,1890155714
R1A,Department of Health,Ministère de la Santé,10,Grants and contributions,2021-22 Main Estimates,2538934868
R1A,Department of Health,Ministère de la Santé,10,Grants and contributions,2021-22 Estimates To Date,2538934868
R1A,Department of Health,Ministère de la Santé,10,Grants and contributions,2022-23 Main Estimates,2481521084
R1A,Department of Health,Ministère de la Santé,S,Minister of Health  Salary and motor car allowance ( Salaries Act  and  Parliament of Canada Act ),2020-21 Expenditures,89200
R1A,Department of Health,Ministère de la Santé,S,Minister of Health  Salary and motor car allowance ( Salaries Act  and  Parliament of Canada Act ),2021-22 Main Estimates,90500
R1A,Department of Health,Ministère de la Santé,S,Minister of Health  Salary and motor car allowance ( Salaries Act  and  Parliament of Canada Act ),2021-22 Estimates To Date,90500
R1A,Department of Health,Ministère de la Santé,S,Minister of Health  Salary and motor car allowance ( Salaries Act  and  Parliament of Canada Act ),2022-23 Main Estimates,92500
R1A,Department of Health,Ministère de la Santé,S,"Payments for the Safe Restart Agreement for federal investments in  testing, contact tracing and data management pursuant to the  Public Health Events of National Concern Payments Act",2020-21 Expenditures,2051767
R1A,Department of Health,Ministère de la Santé,S,"Payments for the Safe Restart Agreement for federal investments in  testing, contact tracing and data management pursuant to the  Public Health Events of National Concern Payments Act",2021-22 Main Estimates,0
R1A,Department of Health,Ministère de la Santé,S,"Payments for the Safe Restart Agreement for federal investments in  testing, contact tracing and data management pursuant to the  Public Health Events of National Concern Payments Act",2021-22 Estimates To Date,0
R1A,Department of Health,Ministère de la Santé,S,"Payments for the Safe Restart Agreement for federal investments in  testing, contact tracing and data management pursuant to the  Public Health Events of National Concern Payments Act",2022-23 Main Estimates,0
R1A,Department of Health,Ministère de la Santé,S,Payments for medical research pursuant to the  Public Health Events of National Concern Payments Act,2020-21 Expenditures,9197712
R1A,Department of Health,Ministère de la Santé,S,Payments for medical research pursuant to the  Public Health Events of National Concern Payments Act,2021-22 Main Estimates,0
R1A,Department of Health,Ministère de la Santé,S,Payments for medical research pursuant to the  Public Health Events of National Concern Payments Act,2021-22 Estimates To Date,0
R1A,Department of Health,Ministère de la Santé,S,Payments for medical research pursuant to the  Public Health Events of National Concern Payments Act,2022-23 Main Estimates,0
R1A,Department of Health,Ministère de la Santé,S,Contributions to employee benefit plans,2020-21 Expenditures,121770044
R1A,Department of Health,Ministère de la Santé,S,Contributions to employee benefit plans,2021-22 Main Estimates,113752508
R1A,Department of Health,Ministère de la Santé,S,Contributions to employee benefit plans,2021-22 Estimates To Date,113752508
R1A,Department of Health,Ministère de la Santé,S,Contributions to employee benefit plans,2022-23 Main Estimates,112316961
R1A,Department of Health,Ministère de la Santé,S,Payments to support Canadas initial response to COVID-19 pursuant to the  Public Health Events of National Concern Payments Act,2020-21 Expenditures,4363188
R1A,Department of Health,Ministère de la Santé,S,Payments to support Canadas initial response to COVID-19 pursuant to the  Public Health Events of National Concern Payments Act,2021-22 Main Estimates,0
R1A,Department of Health,Ministère de la Santé,S,Payments to support Canadas initial response to COVID-19 pursuant to the  Public Health Events of National Concern Payments Act,2021-22 Estimates To Date,0
R1A,Department of Health,Ministère de la Santé,S,Payments to support Canadas initial response to COVID-19 pursuant to the  Public Health Events of National Concern Payments Act,2022-23 Main Estimates,0
R1A,Department of Health,Ministère de la Santé,S,"Payments for drugs, medical devices and virtual care pursuant to the  Public Health Events of National Concern Payments Act",2020-21 Expenditures,34962008
R1A,Department of Health,Ministère de la Santé,S,"Payments for drugs, medical devices and virtual care pursuant to the  Public Health Events of National Concern Payments Act",2021-22 Main Estimates,0
R1A,Department of Health,Ministère de la Santé,S,"Payments for drugs, medical devices and virtual care pursuant to the  Public Health Events of National Concern Payments Act",2021-22 Estimates To Date,0
R1A,Department of Health,Ministère de la Santé,S,"Payments for drugs, medical devices and virtual care pursuant to the  Public Health Events of National Concern Payments Act",2022-23 Main Estimates,0
R1A,Department of Health,Ministère de la Santé,S,Other Statutory items listed in the Public Accounts of Canada,2020-21 Expenditures,184291
R1A,Department of Health,Ministère de la Santé,S,Other Statutory items listed in the Public Accounts of Canada,2021-22 Main Estimates,0
R1A,Department of Health,Ministère de la Santé,S,Other Statutory items listed in the Public Accounts of Canada,2021-22 Estimates To Date,0
R1A,Department of Health,Ministère de la Santé,S,Other Statutory items listed in the Public Accounts of Canada,2022-23 Main Estimates,0
R1A,Department of Health,Ministère de la Santé,S,"Spending of revenues from other departments for which the Minister is responsible, pursuant to subsection 4.2(4) of the  Department of  Health Act",2020-21 Expenditures,123202980
R1A,Department of Health,Ministère de la Santé,S,"Spending of revenues from other departments for which the Minister is responsible, pursuant to subsection 4.2(4) of the  Department of  Health Act",2021-22 Main Estimates,51462891
R1A,Department of Health,Ministère de la Santé,S,"Spending of revenues from other departments for which the Minister is responsible, pursuant to subsection 4.2(4) of the  Department of  Health Act",2021-22 Estimates To Date,51462891
R1A,Department of Health,Ministère de la Santé,S,"Spending of revenues from other departments for which the Minister is responsible, pursuant to subsection 4.2(4) of the  Department of  Health Act",2022-23 Main Estimates,51462891
R1A,Department of Indigenous Services,Ministère des Services aux Autochtones,1,Operating expenditures,2020-21 Expenditures,2071838085
R1A,Department of Indigenous Services,Ministère des Services aux Autochtones,1,Operating expenditures,2021-22 Main Estimates,2095935733
R1A,Department of Indigenous Services,Ministère des Services aux Autochtones,1,Operating expenditures,2021-22 Estimates To Date,2095935733
R1A,Department of Indigenous Services,Ministère des Services aux Autochtones,1,Operating expenditures,2022-23 Main Estimates,24714136043
R1A,Department of Indigenous Services,Ministère des Services aux Autochtones,5,Capital expenditures,2020-21 Expenditures,6053885
R1A,Department of Indigenous Services,Ministère des Services aux Autochtones,5,Capital expenditures,2021-22 Main Estimates,6115242
R1A,Department of Indigenous Services,Ministère des Services aux Autochtones,5,Capital expenditures,2021-22 Estimates To Date,6115242
R1A,Department of Indigenous Services,Ministère des Services aux Autochtones,5,Capital expenditures,2022-23 Main Estimates,5983854
R1A,Department of Indigenous Services,Ministère des Services aux Autochtones,10,Grants and contributions,2020-21 Expenditures,12503003011
R1A,Department of Indigenous Services,Ministère des Services aux Autochtones,10,Grants and contributions,2021-22 Main Estimates,11283347845
R1A,Department of Indigenous Services,Ministère des Services aux Autochtones,10,Grants and contributions,2021-22 Estimates To Date,11283347845
R1A,Department of Indigenous Services,Ministère des Services aux Autochtones,10,Grants and contributions,2022-23 Main Estimates,14745696586
R1A,Department of Indigenous Services,Ministère des Services aux Autochtones,S,Liabilities in respect of loan guarantees made to Indians for Housing and Economic Development ( Indian Act ),2020-21 Expenditures,0
R1A,Department of Indigenous Services,Ministère des Services aux Autochtones,S,Liabilities in respect of loan guarantees made to Indians for Housing and Economic Development ( Indian Act ),2021-22 Main Estimates,2000000
R1A,Department of Indigenous Services,Ministère des Services aux Autochtones,S,Liabilities in respect of loan guarantees made to Indians for Housing and Economic Development ( Indian Act ),2021-22 Estimates To Date,2000000
R1A,Department of Indigenous Services,Ministère des Services aux Autochtones,S,Liabilities in respect of loan guarantees made to Indians for Housing and Economic Development ( Indian Act ),2022-23 Main Estimates,2000000
R1A,Department of Indigenous Services,Ministère des Services aux Autochtones,S,Payments to support a safe restart in Indigenous communities pursuant to the  Public Health Events of National Concern Payments Act,2020-21 Expenditures,211504007
R1A,Department of Indigenous Services,Ministère des Services aux Autochtones,S,Payments to support a safe restart in Indigenous communities pursuant to the  Public Health Events of National Concern Payments Act,2021-22 Main Estimates,0
R1A,Department of Indigenous Services,Ministère des Services aux Autochtones,S,Payments to support a safe restart in Indigenous communities pursuant to the  Public Health Events of National Concern Payments Act,2021-22 Estimates To Date,0
R1A,Department of Indigenous Services,Ministère des Services aux Autochtones,S,Payments to support a safe restart in Indigenous communities pursuant to the  Public Health Events of National Concern Payments Act,2022-23 Main Estimates,0
R1A,Department of Indigenous Services,Ministère des Services aux Autochtones,S,Payments to support Indigenous mental wellness pursuant to the  Public Health Events of National Concern Payments Act,2020-21 Expenditures,24159789
R1A,Department of Indigenous Services,Ministère des Services aux Autochtones,S,Payments to support Indigenous mental wellness pursuant to the  Public Health Events of National Concern Payments Act,2021-22 Main Estimates,0
R1A,Department of Indigenous Services,Ministère des Services aux Autochtones,S,Payments to support Indigenous mental wellness pursuant to the  Public Health Events of National Concern Payments Act,2021-22 Estimates To Date,0
R1A,Department of Indigenous Services,Ministère des Services aux Autochtones,S,Payments to support Indigenous mental wellness pursuant to the  Public Health Events of National Concern Payments Act,2022-23 Main Estimates,0
R1A,Department of Indigenous Services,Ministère des Services aux Autochtones,S,Payments to support Indigenous businesses pursuant to the  Public Health Events of National Concern Payments Act,2020-21 Expenditures,73190837
R1A,Department of Indigenous Services,Ministère des Services aux Autochtones,S,Payments to support Indigenous businesses pursuant to the  Public Health Events of National Concern Payments Act,2021-22 Main Estimates,0
R1A,Department of Indigenous Services,Ministère des Services aux Autochtones,S,Payments to support Indigenous businesses pursuant to the  Public Health Events of National Concern Payments Act,2021-22 Estimates To Date,0
R1A,Department of Indigenous Services,Ministère des Services aux Autochtones,S,Payments to support Indigenous businesses pursuant to the  Public Health Events of National Concern Payments Act,2022-23 Main Estimates,0
R1A,Department of Indigenous Services,Ministère des Services aux Autochtones,S,Payments to support students and youth impacted by COVID-19 pursuant to the  Public Health Events of National Concern Payments Act,2020-21 Expenditures,105095069
R1A,Department of Indigenous Services,Ministère des Services aux Autochtones,S,Payments to support students and youth impacted by COVID-19 pursuant to the  Public Health Events of National Concern Payments Act,2021-22 Main Estimates,0
R1A,Department of Indigenous Services,Ministère des Services aux Autochtones,S,Payments to support students and youth impacted by COVID-19 pursuant to the  Public Health Events of National Concern Payments Act,2021-22 Estimates To Date,0
R1A,Department of Indigenous Services,Ministère des Services aux Autochtones,S,Payments to support students and youth impacted by COVID-19 pursuant to the  Public Health Events of National Concern Payments Act,2022-23 Main Estimates,0
R1A,Department of Indigenous Services,Ministère des Services aux Autochtones,S,Payments to urban and regional Indigenous organizations pursuant to the  Public Health Events of National Concern Payments Act,2020-21 Expenditures,75000000
R1A,Department of Indigenous Services,Ministère des Services aux Autochtones,S,Payments to urban and regional Indigenous organizations pursuant to the  Public Health Events of National Concern Payments Act,2021-22 Main Estimates,0
R1A,Department of Indigenous Services,Ministère des Services aux Autochtones,S,Payments to urban and regional Indigenous organizations pursuant to the  Public Health Events of National Concern Payments Act,2021-22 Estimates To Date,0
R1A,Department of Indigenous Services,Ministère des Services aux Autochtones,S,Payments to urban and regional Indigenous organizations pursuant to the  Public Health Events of National Concern Payments Act,2022-23 Main Estimates,0
R1A,Department of Indigenous Services,Ministère des Services aux Autochtones,S,Payments to the Family Violence Prevention Program pursuant to the  Public Health Events of National Concern Payments Act,2020-21 Expenditures,9962000
R1A,Department of Indigenous Services,Ministère des Services aux Autochtones,S,Payments to the Family Violence Prevention Program pursuant to the  Public Health Events of National Concern Payments Act,2021-22 Main Estimates,0
R1A,Department of Indigenous Services,Ministère des Services aux Autochtones,S,Payments to the Family Violence Prevention Program pursuant to the  Public Health Events of National Concern Payments Act,2021-22 Estimates To Date,0
R1A,Department of Indigenous Services,Ministère des Services aux Autochtones,S,Payments to the Family Violence Prevention Program pursuant to the  Public Health Events of National Concern Payments Act,2022-23 Main Estimates,0
R1A,Department of Indigenous Services,Ministère des Services aux Autochtones,S,Payments to the Indigenous Community Support Fund pursuant to the  Public Health Events of National Concern Payments Act,2020-21 Expenditures,606275749
R1A,Department of Indigenous Services,Ministère des Services aux Autochtones,S,Payments to the Indigenous Community Support Fund pursuant to the  Public Health Events of National Concern Payments Act,2021-22 Main Estimates,0
R1A,Department of Indigenous Services,Ministère des Services aux Autochtones,S,Payments to the Indigenous Community Support Fund pursuant to the  Public Health Events of National Concern Payments Act,2021-22 Estimates To Date,0
R1A,Department of Indigenous Services,Ministère des Services aux Autochtones,S,Payments to the Indigenous Community Support Fund pursuant to the  Public Health Events of National Concern Payments Act,2022-23 Main Estimates,0
R1A,Department of Indigenous Services,Ministère des Services aux Autochtones,S,Contributions related to the Canada Community-Building Fund ( Keeping Canadas Economy and Jobs Growing Act ),2020-21 Expenditures,29684113
R1A,Department of Indigenous Services,Ministère des Services aux Autochtones,S,Contributions related to the Canada Community-Building Fund ( Keeping Canadas Economy and Jobs Growing Act ),2021-22 Main Estimates,31033391
R1A,Department of Indigenous Services,Ministère des Services aux Autochtones,S,Contributions related to the Canada Community-Building Fund ( Keeping Canadas Economy and Jobs Growing Act ),2021-22 Estimates To Date,31033391
R1A,Department of Indigenous Services,Ministère des Services aux Autochtones,S,Contributions related to the Canada Community-Building Fund ( Keeping Canadas Economy and Jobs Growing Act ),2022-23 Main Estimates,31033391
R1A,Department of Indigenous Services,Ministère des Services aux Autochtones,S,Indian Annuities Treaty payments ( Indian Act ),2020-21 Expenditures,282228
R1A,Department of Indigenous Services,Ministère des Services aux Autochtones,S,Indian Annuities Treaty payments ( Indian Act ),2021-22 Main Estimates,2100000
R1A,Department of Indigenous Services,Ministère des Services aux Autochtones,S,Indian Annuities Treaty payments ( Indian Act ),2021-22 Estimates To Date,2100000
R1A,Department of Indigenous Services,Ministère des Services aux Autochtones,S,Indian Annuities Treaty payments ( Indian Act ),2022-23 Main Estimates,2100000
R1A,Department of Indigenous Services,Ministère des Services aux Autochtones,S,Payments to enhance public health measures to COVID-19 in First Nations and Inuit communities pursuant to the  Public Health Events of  National Concern Payments Act,2020-21 Expenditures,277881716
R1A,Department of Indigenous Services,Ministère des Services aux Autochtones,S,Payments to enhance public health measures to COVID-19 in First Nations and Inuit communities pursuant to the  Public Health Events of  National Concern Payments Act,2021-22 Main Estimates,0
R1A,Department of Indigenous Services,Ministère des Services aux Autochtones,S,Payments to enhance public health measures to COVID-19 in First Nations and Inuit communities pursuant to the  Public Health Events of  National Concern Payments Act,2021-22 Estimates To Date,0
R1A,Department of Indigenous Services,Ministère des Services aux Autochtones,S,Payments to enhance public health measures to COVID-19 in First Nations and Inuit communities pursuant to the  Public Health Events of  National Concern Payments Act,2022-23 Main Estimates,0
R1A,Department of Indigenous Services,Ministère des Services aux Autochtones,S,Payments for Income Assistance pursuant to the  Public Health Events of National Concern Payments Act,2020-21 Expenditures,260025017
R1A,Department of Indigenous Services,Ministère des Services aux Autochtones,S,Payments for Income Assistance pursuant to the  Public Health Events of National Concern Payments Act,2021-22 Main Estimates,0
R1A,Department of Indigenous Services,Ministère des Services aux Autochtones,S,Payments for Income Assistance pursuant to the  Public Health Events of National Concern Payments Act,2021-22 Estimates To Date,0
R1A,Department of Indigenous Services,Ministère des Services aux Autochtones,S,Payments for Income Assistance pursuant to the  Public Health Events of National Concern Payments Act,2022-23 Main Estimates,0
R1A,Department of Indigenous Services,Ministère des Services aux Autochtones,S,Payments to support Canadas initial response to COVID-19 pursuant to the  Public Health Events of National Concern Payments Act,2020-21 Expenditures,7562642
R1A,Department of Indigenous Services,Ministère des Services aux Autochtones,S,Payments to support Canadas initial response to COVID-19 pursuant to the  Public Health Events of National Concern Payments Act,2021-22 Main Estimates,0
R1A,Department of Indigenous Services,Ministère des Services aux Autochtones,S,Payments to support Canadas initial response to COVID-19 pursuant to the  Public Health Events of National Concern Payments Act,2021-22 Estimates To Date,0
R1A,Department of Indigenous Services,Ministère des Services aux Autochtones,S,Payments to support Canadas initial response to COVID-19 pursuant to the  Public Health Events of National Concern Payments Act,2022-23 Main Estimates,0
R1A,Department of Indigenous Services,Ministère des Services aux Autochtones,S,Other Statutory items listed in the Public Accounts of Canada,2020-21 Expenditures,2948773
R1A,Department of Indigenous Services,Ministère des Services aux Autochtones,S,Other Statutory items listed in the Public Accounts of Canada,2021-22 Main Estimates,0
R1A,Department of Indigenous Services,Ministère des Services aux Autochtones,S,Other Statutory items listed in the Public Accounts of Canada,2021-22 Estimates To Date,0
R1A,Department of Indigenous Services,Ministère des Services aux Autochtones,S,Other Statutory items listed in the Public Accounts of Canada,2022-23 Main Estimates,0
R1A,Department of Indigenous Services,Ministère des Services aux Autochtones,S,Minister of Indigenous Services  Salary and motor car allowance ( Salaries Act  and  Parliament of Canada Act ),2020-21 Expenditures,89200
R1A,Department of Indigenous Services,Ministère des Services aux Autochtones,S,Minister of Indigenous Services  Salary and motor car allowance ( Salaries Act  and  Parliament of Canada Act ),2021-22 Main Estimates,90500
R1A,Department of Indigenous Services,Ministère des Services aux Autochtones,S,Minister of Indigenous Services  Salary and motor car allowance ( Salaries Act  and  Parliament of Canada Act ),2021-22 Estimates To Date,90500
R1A,Department of Indigenous Services,Ministère des Services aux Autochtones,S,Minister of Indigenous Services  Salary and motor car allowance ( Salaries Act  and  Parliament of Canada Act ),2022-23 Main Estimates,92500
R1A,Department of Indigenous Services,Ministère des Services aux Autochtones,S,Contributions to employee benefit plans,2020-21 Expenditures,88689395
R1A,Department of Indigenous Services,Ministère des Services aux Autochtones,S,Contributions to employee benefit plans,2021-22 Main Estimates,85474685
R1A,Department of Indigenous Services,Ministère des Services aux Autochtones,S,Contributions to employee benefit plans,2021-22 Estimates To Date,85474685
R1A,Department of Indigenous Services,Ministère des Services aux Autochtones,S,Contributions to employee benefit plans,2022-23 Main Estimates,100577869
R1A,Department of Industry,Ministère de lIndustrie,1,Operating expenditures,2020-21 Expenditures,501015509
R1A,Department of Industry,Ministère de lIndustrie,1,Operating expenditures,2021-22 Main Estimates,508586590
R1A,Department of Industry,Ministère de lIndustrie,1,Operating expenditures,2021-22 Estimates To Date,508586590
R1A,Department of Industry,Ministère de lIndustrie,1,Operating expenditures,2022-23 Main Estimates,573947797
R1A,Department of Industry,Ministère de lIndustrie,5,Capital expenditures,2020-21 Expenditures,9103002
R1A,Department of Industry,Ministère de lIndustrie,5,Capital expenditures,2021-22 Main Estimates,49814000
R1A,Department of Industry,Ministère de lIndustrie,5,Capital expenditures,2021-22 Estimates To Date,49814000
R1A,Department of Industry,Ministère de lIndustrie,5,Capital expenditures,2022-23 Main Estimates,67250100
R1A,Department of Industry,Ministère de lIndustrie,10,Grants and contributions,2020-21 Expenditures,2136396422
R1A,Department of Industry,Ministère de lIndustrie,10,Grants and contributions,2021-22 Main Estimates,2884172389
R1A,Department of Industry,Ministère de lIndustrie,10,Grants and contributions,2021-22 Estimates To Date,2884172389
R1A,Department of Industry,Ministère de lIndustrie,10,Grants and contributions,2022-23 Main Estimates,4884272981
R1A,Department of Industry,Ministère de lIndustrie,L15,Payments pursuant to subsection 14(2) of the  Department of Industry Act,2020-21 Expenditures,0
R1A,Department of Industry,Ministère de lIndustrie,L15,Payments pursuant to subsection 14(2) of the  Department of Industry Act,2021-22 Main Estimates,300000
R1A,Department of Industry,Ministère de lIndustrie,L15,Payments pursuant to subsection 14(2) of the  Department of Industry Act,2021-22 Estimates To Date,300000
R1A,Department of Industry,Ministère de lIndustrie,L15,Payments pursuant to subsection 14(2) of the  Department of Industry Act,2022-23 Main Estimates,300000
R1A,Department of Industry,Ministère de lIndustrie,L20,Loans pursuant to paragraph 14(1)(a) of the  Department of Industry Act,2020-21 Expenditures,0
R1A,Department of Industry,Ministère de lIndustrie,L20,Loans pursuant to paragraph 14(1)(a) of the  Department of Industry Act,2021-22 Main Estimates,500000
R1A,Department of Industry,Ministère de lIndustrie,L20,Loans pursuant to paragraph 14(1)(a) of the  Department of Industry Act,2021-22 Estimates To Date,500000
R1A,Department of Industry,Ministère de lIndustrie,L20,Loans pursuant to paragraph 14(1)(a) of the  Department of Industry Act,2022-23 Main Estimates,500000
R1A,Department of Industry,Ministère de lIndustrie,S,Payments for Investments in Enterprise Crown corporations,2020-21 Expenditures,7503000000
R1A,Department of Industry,Ministère de lIndustrie,S,Payments for Investments in Enterprise Crown corporations,2021-22 Main Estimates,0
R1A,Department of Industry,Ministère de lIndustrie,S,Payments for Investments in Enterprise Crown corporations,2021-22 Estimates To Date,0
R1A,Department of Industry,Ministère de lIndustrie,S,Payments for Investments in Enterprise Crown corporations,2022-23 Main Estimates,0
R1A,Department of Industry,Ministère de lIndustrie,S,Minister of State (Rural Economic Development)  Motor car allowance ( Parliament of Canada Act ),2020-21 Expenditures,0
R1A,Department of Industry,Ministère de lIndustrie,S,Minister of State (Rural Economic Development)  Motor car allowance ( Parliament of Canada Act ),2021-22 Main Estimates,0
R1A,Department of Industry,Ministère de lIndustrie,S,Minister of State (Rural Economic Development)  Motor car allowance ( Parliament of Canada Act ),2021-22 Estimates To Date,0
R1A,Department of Industry,Ministère de lIndustrie,S,Minister of State (Rural Economic Development)  Motor car allowance ( Parliament of Canada Act ),2022-23 Main Estimates,2000
R1A,Department of Industry,Ministère de lIndustrie,S,"Payments to provide financing support to small and medium-sized businesses pursuant to the  Economic Statement Implementation Act, 2020",2020-21 Expenditures,2677051
R1A,Department of Industry,Ministère de lIndustrie,S,"Payments to provide financing support to small and medium-sized businesses pursuant to the  Economic Statement Implementation Act, 2020",2021-22 Main Estimates,0
R1A,Department of Industry,Ministère de lIndustrie,S,"Payments to provide financing support to small and medium-sized businesses pursuant to the  Economic Statement Implementation Act, 2020",2021-22 Estimates To Date,0
R1A,Department of Industry,Ministère de lIndustrie,S,"Payments to provide financing support to small and medium-sized businesses pursuant to the  Economic Statement Implementation Act, 2020",2022-23 Main Estimates,0
R1A,Department of Industry,Ministère de lIndustrie,S,Payments to support students and youth impacted by COVID-19 pursuant to the  Public Health Events of National Concern Payments Act,2020-21 Expenditures,17462391
R1A,Department of Industry,Ministère de lIndustrie,S,Payments to support students and youth impacted by COVID-19 pursuant to the  Public Health Events of National Concern Payments Act,2021-22 Main Estimates,0
R1A,Department of Industry,Ministère de lIndustrie,S,Payments to support students and youth impacted by COVID-19 pursuant to the  Public Health Events of National Concern Payments Act,2021-22 Estimates To Date,0
R1A,Department of Industry,Ministère de lIndustrie,S,Payments to support students and youth impacted by COVID-19 pursuant to the  Public Health Events of National Concern Payments Act,2022-23 Main Estimates,0
R1A,Department of Industry,Ministère de lIndustrie,S,"CIFAR - Pan-Canadian Artificial Intelligence Strategy ( Budget Implementation Act, 2017, No. 1 )",2020-21 Expenditures,21562650
R1A,Department of Industry,Ministère de lIndustrie,S,"CIFAR - Pan-Canadian Artificial Intelligence Strategy ( Budget Implementation Act, 2017, No. 1 )",2021-22 Main Estimates,44881000
R1A,Department of Industry,Ministère de lIndustrie,S,"CIFAR - Pan-Canadian Artificial Intelligence Strategy ( Budget Implementation Act, 2017, No. 1 )",2021-22 Estimates To Date,44881000
R1A,Department of Industry,Ministère de lIndustrie,S,"CIFAR - Pan-Canadian Artificial Intelligence Strategy ( Budget Implementation Act, 2017, No. 1 )",2022-23 Main Estimates,12437350
R1A,Department of Industry,Ministère de lIndustrie,S,"Liabilities under the  Canada Small Business Financing Act    (S.C., 1998, c. 36)",2020-21 Expenditures,86108346
R1A,Department of Industry,Ministère de lIndustrie,S,"Liabilities under the  Canada Small Business Financing Act    (S.C., 1998, c. 36)",2021-22 Main Estimates,152760288
R1A,Department of Industry,Ministère de lIndustrie,S,"Liabilities under the  Canada Small Business Financing Act    (S.C., 1998, c. 36)",2021-22 Estimates To Date,152760288
R1A,Department of Industry,Ministère de lIndustrie,S,"Liabilities under the  Canada Small Business Financing Act    (S.C., 1998, c. 36)",2022-23 Main Estimates,134271103
R1A,Department of Industry,Ministère de lIndustrie,S,Other Statutory items listed in the Public Accounts of Canada,2020-21 Expenditures,679965
R1A,Department of Industry,Ministère de lIndustrie,S,Other Statutory items listed in the Public Accounts of Canada,2021-22 Main Estimates,0
R1A,Department of Industry,Ministère de lIndustrie,S,Other Statutory items listed in the Public Accounts of Canada,2021-22 Estimates To Date,0
R1A,Department of Industry,Ministère de lIndustrie,S,Other Statutory items listed in the Public Accounts of Canada,2022-23 Main Estimates,0
R1A,Department of Industry,Ministère de lIndustrie,S,Contributions to employee benefit plans,2020-21 Expenditures,63807327
R1A,Department of Industry,Ministère de lIndustrie,S,Contributions to employee benefit plans,2021-22 Main Estimates,62340075
R1A,Department of Industry,Ministère de lIndustrie,S,Contributions to employee benefit plans,2021-22 Estimates To Date,62340075
R1A,Department of Industry,Ministère de lIndustrie,S,Contributions to employee benefit plans,2022-23 Main Estimates,71592262
R1A,Department of Industry,Ministère de lIndustrie,S,"Minister of Innovation, Science and Industry  Salary and motor car allowance ( Salaries Act  and  Parliament of Canada Act )",2020-21 Expenditures,89599
R1A,Department of Industry,Ministère de lIndustrie,S,"Minister of Innovation, Science and Industry  Salary and motor car allowance ( Salaries Act  and  Parliament of Canada Act )",2021-22 Main Estimates,90500
R1A,Department of Industry,Ministère de lIndustrie,S,"Minister of Innovation, Science and Industry  Salary and motor car allowance ( Salaries Act  and  Parliament of Canada Act )",2021-22 Estimates To Date,90500
R1A,Department of Industry,Ministère de lIndustrie,S,"Minister of Innovation, Science and Industry  Salary and motor car allowance ( Salaries Act  and  Parliament of Canada Act )",2022-23 Main Estimates,92500
R1A,Department of Industry,Ministère de lIndustrie,S,"Canadian Intellectual Property Office Revolving Fund ( Appropriation Act No. 3, 199394 )",2020-21 Expenditures,14186051
R1A,Department of Industry,Ministère de lIndustrie,S,"Canadian Intellectual Property Office Revolving Fund ( Appropriation Act No. 3, 199394 )",2021-22 Main Estimates,31375500
R1A,Department of Industry,Ministère de lIndustrie,S,"Canadian Intellectual Property Office Revolving Fund ( Appropriation Act No. 3, 199394 )",2021-22 Estimates To Date,31375500
R1A,Department of Industry,Ministère de lIndustrie,S,"Canadian Intellectual Property Office Revolving Fund ( Appropriation Act No. 3, 199394 )",2022-23 Main Estimates,40648920
R1A,Department of Industry,Ministère de lIndustrie,S,Minister of Economic Development and Official Languages  Salary and motor car allowance ( Salaries Act  and  Parliament of Canada Act ),2020-21 Expenditures,89200
R1A,Department of Industry,Ministère de lIndustrie,S,Minister of Economic Development and Official Languages  Salary and motor car allowance ( Salaries Act  and  Parliament of Canada Act ),2021-22 Main Estimates,90500
R1A,Department of Industry,Ministère de lIndustrie,S,Minister of Economic Development and Official Languages  Salary and motor car allowance ( Salaries Act  and  Parliament of Canada Act ),2021-22 Estimates To Date,90500
R1A,Department of Industry,Ministère de lIndustrie,S,Minister of Economic Development and Official Languages  Salary and motor car allowance ( Salaries Act  and  Parliament of Canada Act ),2022-23 Main Estimates,0
R1A,Department of Justice,Ministère de la Justice,1,Operating expenditures,2020-21 Expenditures,299754096
R1A,Department of Justice,Ministère de la Justice,1,Operating expenditures,2021-22 Main Estimates,268088730
R1A,Department of Justice,Ministère de la Justice,1,Operating expenditures,2021-22 Estimates To Date,268088730
R1A,Department of Justice,Ministère de la Justice,1,Operating expenditures,2022-23 Main Estimates,274137786
R1A,Department of Justice,Ministère de la Justice,5,Grants and contributions,2020-21 Expenditures,447525686
R1A,Department of Justice,Ministère de la Justice,5,Grants and contributions,2021-22 Main Estimates,443047687
R1A,Department of Justice,Ministère de la Justice,5,Grants and contributions,2021-22 Estimates To Date,443047687
R1A,Department of Justice,Ministère de la Justice,5,Grants and contributions,2022-23 Main Estimates,562235003
R1A,Department of Justice,Ministère de la Justice,S,Other Statutory items listed in the Public Accounts of Canada,2020-21 Expenditures,48611
R1A,Department of Justice,Ministère de la Justice,S,Other Statutory items listed in the Public Accounts of Canada,2021-22 Main Estimates,0
R1A,Department of Justice,Ministère de la Justice,S,Other Statutory items listed in the Public Accounts of Canada,2021-22 Estimates To Date,0
R1A,Department of Justice,Ministère de la Justice,S,Other Statutory items listed in the Public Accounts of Canada,2022-23 Main Estimates,0
R1A,Department of Justice,Ministère de la Justice,S,Minister of Justice and Attorney General of Canada  Salary and motor car allowance ( Salaries Act  and  Parliament of Canada Act ),2020-21 Expenditures,89200
R1A,Department of Justice,Ministère de la Justice,S,Minister of Justice and Attorney General of Canada  Salary and motor car allowance ( Salaries Act  and  Parliament of Canada Act ),2021-22 Main Estimates,90500
R1A,Department of Justice,Ministère de la Justice,S,Minister of Justice and Attorney General of Canada  Salary and motor car allowance ( Salaries Act  and  Parliament of Canada Act ),2021-22 Estimates To Date,90500
R1A,Department of Justice,Ministère de la Justice,S,Minister of Justice and Attorney General of Canada  Salary and motor car allowance ( Salaries Act  and  Parliament of Canada Act ),2022-23 Main Estimates,92500
R1A,Department of Justice,Ministère de la Justice,S,Contributions to employee benefit plans,2020-21 Expenditures,85435552
R1A,Department of Justice,Ministère de la Justice,S,Contributions to employee benefit plans,2021-22 Main Estimates,83243396
R1A,Department of Justice,Ministère de la Justice,S,Contributions to employee benefit plans,2021-22 Estimates To Date,83243396
R1A,Department of Justice,Ministère de la Justice,S,Contributions to employee benefit plans,2022-23 Main Estimates,85291786
R1A,Department of National Defence,Ministère de la Défense nationale,-,Working capital advance account,2020-21 Expenditures,-2736588
R1A,Department of National Defence,Ministère de la Défense nationale,-,Working capital advance account,2021-22 Main Estimates,0
R1A,Department of National Defence,Ministère de la Défense nationale,-,Working capital advance account,2021-22 Estimates To Date,0
R1A,Department of National Defence,Ministère de la Défense nationale,-,Working capital advance account,2022-23 Main Estimates,0
R1A,Department of National Defence,Ministère de la Défense nationale,1,Operating expenditures,2020-21 Expenditures,16839291341
R1A,Department of National Defence,Ministère de la Défense nationale,1,Operating expenditures,2021-22 Main Estimates,16449558144
R1A,Department of National Defence,Ministère de la Défense nationale,1,Operating expenditures,2021-22 Estimates To Date,16449558144
R1A,Department of National Defence,Ministère de la Défense nationale,1,Operating expenditures,2022-23 Main Estimates,17574151036
R1A,Department of National Defence,Ministère de la Défense nationale,5,Capital expenditures,2020-21 Expenditures,4953763025
R1A,Department of National Defence,Ministère de la Défense nationale,5,Capital expenditures,2021-22 Main Estimates,5695650677
R1A,Department of National Defence,Ministère de la Défense nationale,5,Capital expenditures,2021-22 Estimates To Date,5695650677
R1A,Department of National Defence,Ministère de la Défense nationale,5,Capital expenditures,2022-23 Main Estimates,5956536653
R1A,Department of National Defence,Ministère de la Défense nationale,10,Grants and contributions,2020-21 Expenditures,263295574
R1A,Department of National Defence,Ministère de la Défense nationale,10,Grants and contributions,2021-22 Main Estimates,247181598
R1A,Department of National Defence,Ministère de la Défense nationale,10,Grants and contributions,2021-22 Estimates To Date,247181598
R1A,Department of National Defence,Ministère de la Défense nationale,10,Grants and contributions,2022-23 Main Estimates,314401113
R1A,Department of National Defence,Ministère de la Défense nationale,15,Payments in respect of the long-term disability and life insurance plan for members of the Canadian Forces,2020-21 Expenditures,417577865
R1A,Department of National Defence,Ministère de la Défense nationale,15,Payments in respect of the long-term disability and life insurance plan for members of the Canadian Forces,2021-22 Main Estimates,423388673
R1A,Department of National Defence,Ministère de la Défense nationale,15,Payments in respect of the long-term disability and life insurance plan for members of the Canadian Forces,2021-22 Estimates To Date,423388673
R1A,Department of National Defence,Ministère de la Défense nationale,15,Payments in respect of the long-term disability and life insurance plan for members of the Canadian Forces,2022-23 Main Estimates,446727532
R1A,Department of National Defence,Ministère de la Défense nationale,S,Contributions to employee benefit plans,2020-21 Expenditures,320321132
R1A,Department of National Defence,Ministère de la Défense nationale,S,Contributions to employee benefit plans,2021-22 Main Estimates,317406035
R1A,Department of National Defence,Ministère de la Défense nationale,S,Contributions to employee benefit plans,2021-22 Estimates To Date,317406035
R1A,Department of National Defence,Ministère de la Défense nationale,S,Contributions to employee benefit plans,2022-23 Main Estimates,335655066
R1A,Department of National Defence,Ministère de la Défense nationale,S,Contributions to employee benefit plans  Members of the military,2020-21 Expenditures,4016577703
R1A,Department of National Defence,Ministère de la Défense nationale,S,Contributions to employee benefit plans  Members of the military,2021-22 Main Estimates,1160201540
R1A,Department of National Defence,Ministère de la Défense nationale,S,Contributions to employee benefit plans  Members of the military,2021-22 Estimates To Date,1160201540
R1A,Department of National Defence,Ministère de la Défense nationale,S,Contributions to employee benefit plans  Members of the military,2022-23 Main Estimates,1321783656
R1A,Department of National Defence,Ministère de la Défense nationale,S,Minister of National Defence  Salary and motor car allowance ( Salaries Act  and  Parliament of Canada Act ),2020-21 Expenditures,89200
R1A,Department of National Defence,Ministère de la Défense nationale,S,Minister of National Defence  Salary and motor car allowance ( Salaries Act  and  Parliament of Canada Act ),2021-22 Main Estimates,90500
R1A,Department of National Defence,Ministère de la Défense nationale,S,Minister of National Defence  Salary and motor car allowance ( Salaries Act  and  Parliament of Canada Act ),2021-22 Estimates To Date,90500
R1A,Department of National Defence,Ministère de la Défense nationale,S,Minister of National Defence  Salary and motor car allowance ( Salaries Act  and  Parliament of Canada Act ),2022-23 Main Estimates,92500
R1A,Department of National Defence,Ministère de la Défense nationale,S,Payments under the  Supplementary Retirement Benefits Act,2020-21 Expenditures,789862
R1A,Department of National Defence,Ministère de la Défense nationale,S,Payments under the  Supplementary Retirement Benefits Act,2021-22 Main Estimates,1400000
R1A,Department of National Defence,Ministère de la Défense nationale,S,Payments under the  Supplementary Retirement Benefits Act,2021-22 Estimates To Date,1400000
R1A,Department of National Defence,Ministère de la Défense nationale,S,Payments under the  Supplementary Retirement Benefits Act,2022-23 Main Estimates,800000
R1A,Department of National Defence,Ministère de la Défense nationale,S,Other Statutory items listed in the Public Accounts of Canada,2020-21 Expenditures,15138811
R1A,Department of National Defence,Ministère de la Défense nationale,S,Other Statutory items listed in the Public Accounts of Canada,2021-22 Main Estimates,0
R1A,Department of National Defence,Ministère de la Défense nationale,S,Other Statutory items listed in the Public Accounts of Canada,2021-22 Estimates To Date,0
R1A,Department of National Defence,Ministère de la Défense nationale,S,Other Statutory items listed in the Public Accounts of Canada,2022-23 Main Estimates,0
R1A,Department of National Defence,Ministère de la Défense nationale,S,"Payments to dependants of certain members of the Royal Canadian Air Force killed while serving as instructors under the British Commonwealth Air Training Plan ( Appropriation Act No. 4, 1968 )",2020-21 Expenditures,26265
R1A,Department of National Defence,Ministère de la Défense nationale,S,"Payments to dependants of certain members of the Royal Canadian Air Force killed while serving as instructors under the British Commonwealth Air Training Plan ( Appropriation Act No. 4, 1968 )",2021-22 Main Estimates,28000
R1A,Department of National Defence,Ministère de la Défense nationale,S,"Payments to dependants of certain members of the Royal Canadian Air Force killed while serving as instructors under the British Commonwealth Air Training Plan ( Appropriation Act No. 4, 1968 )",2021-22 Estimates To Date,28000
R1A,Department of National Defence,Ministère de la Défense nationale,S,"Payments to dependants of certain members of the Royal Canadian Air Force killed while serving as instructors under the British Commonwealth Air Training Plan ( Appropriation Act No. 4, 1968 )",2022-23 Main Estimates,0
R1A,Department of National Defence,Ministère de la Défense nationale,S,"Payments under Parts I-IV of the  Defence Services Pension Continuation  Act  (R.S.C., 1970, c. D-3)",2020-21 Expenditures,167059
R1A,Department of National Defence,Ministère de la Défense nationale,S,"Payments under Parts I-IV of the  Defence Services Pension Continuation  Act  (R.S.C., 1970, c. D-3)",2021-22 Main Estimates,300000
R1A,Department of National Defence,Ministère de la Défense nationale,S,"Payments under Parts I-IV of the  Defence Services Pension Continuation  Act  (R.S.C., 1970, c. D-3)",2021-22 Estimates To Date,300000
R1A,Department of National Defence,Ministère de la Défense nationale,S,"Payments under Parts I-IV of the  Defence Services Pension Continuation  Act  (R.S.C., 1970, c. D-3)",2022-23 Main Estimates,200000
R1A,Department of Natural Resources,Ministère des Ressources naturelles,1,Operating expenditures,2020-21 Expenditures,610014093
R1A,Department of Natural Resources,Ministère des Ressources naturelles,1,Operating expenditures,2021-22 Main Estimates,694982982
R1A,Department of Natural Resources,Ministère des Ressources naturelles,1,Operating expenditures,2021-22 Estimates To Date,694982982
R1A,Department of Natural Resources,Ministère des Ressources naturelles,1,Operating expenditures,2022-23 Main Estimates,722418907
R1A,Department of Natural Resources,Ministère des Ressources naturelles,5,Capital expenditures,2020-21 Expenditures,12558619
R1A,Department of Natural Resources,Ministère des Ressources naturelles,5,Capital expenditures,2021-22 Main Estimates,13629040
R1A,Department of Natural Resources,Ministère des Ressources naturelles,5,Capital expenditures,2021-22 Estimates To Date,13629040
R1A,Department of Natural Resources,Ministère des Ressources naturelles,5,Capital expenditures,2022-23 Main Estimates,36640886
R1A,Department of Natural Resources,Ministère des Ressources naturelles,10,Grants and contributions,2020-21 Expenditures,472196692
R1A,Department of Natural Resources,Ministère des Ressources naturelles,10,Grants and contributions,2021-22 Main Estimates,1254135315
R1A,Department of Natural Resources,Ministère des Ressources naturelles,10,Grants and contributions,2021-22 Estimates To Date,1254135315
R1A,Department of Natural Resources,Ministère des Ressources naturelles,10,Grants and contributions,2022-23 Main Estimates,2245355494
R1A,Department of Natural Resources,Ministère des Ressources naturelles,S,"Climate Action Support Payments (Energy Manager Program and Clean Energy for Rural and Remote Communities Program) ( Budget Implementation Act,  2019, No.1  S.C. 2019, c.29)",2020-21 Expenditures,2702861
R1A,Department of Natural Resources,Ministère des Ressources naturelles,S,"Climate Action Support Payments (Energy Manager Program and Clean Energy for Rural and Remote Communities Program) ( Budget Implementation Act,  2019, No.1  S.C. 2019, c.29)",2021-22 Main Estimates,0
R1A,Department of Natural Resources,Ministère des Ressources naturelles,S,"Climate Action Support Payments (Energy Manager Program and Clean Energy for Rural and Remote Communities Program) ( Budget Implementation Act,  2019, No.1  S.C. 2019, c.29)",2021-22 Estimates To Date,0
R1A,Department of Natural Resources,Ministère des Ressources naturelles,S,"Climate Action Support Payments (Energy Manager Program and Clean Energy for Rural and Remote Communities Program) ( Budget Implementation Act,  2019, No.1  S.C. 2019, c.29)",2022-23 Main Estimates,0
R1A,Department of Natural Resources,Ministère des Ressources naturelles,S,Payments to support students and youth impacted by COVID-19 pursuant to the  Public Health Events of National Concern Payments Act,2020-21 Expenditures,14522803
R1A,Department of Natural Resources,Ministère des Ressources naturelles,S,Payments to support students and youth impacted by COVID-19 pursuant to the  Public Health Events of National Concern Payments Act,2021-22 Main Estimates,0
R1A,Department of Natural Resources,Ministère des Ressources naturelles,S,Payments to support students and youth impacted by COVID-19 pursuant to the  Public Health Events of National Concern Payments Act,2021-22 Estimates To Date,0
R1A,Department of Natural Resources,Ministère des Ressources naturelles,S,Payments to support students and youth impacted by COVID-19 pursuant to the  Public Health Events of National Concern Payments Act,2022-23 Main Estimates,0
R1A,Department of Natural Resources,Ministère des Ressources naturelles,S,Payments to the Nova Scotia Offshore Revenue Account,2020-21 Expenditures,16964221
R1A,Department of Natural Resources,Ministère des Ressources naturelles,S,Payments to the Nova Scotia Offshore Revenue Account,2021-22 Main Estimates,0
R1A,Department of Natural Resources,Ministère des Ressources naturelles,S,Payments to the Nova Scotia Offshore Revenue Account,2021-22 Estimates To Date,0
R1A,Department of Natural Resources,Ministère des Ressources naturelles,S,Payments to the Nova Scotia Offshore Revenue Account,2022-23 Main Estimates,0
R1A,Department of Natural Resources,Ministère des Ressources naturelles,S,Contribution to the Canada/Nova Scotia Offshore Petroleum Board ( Canada-Nova Scotia Offshore Petroleum Resources Accord Implementation Act ),2020-21 Expenditures,-46055
R1A,Department of Natural Resources,Ministère des Ressources naturelles,S,Contribution to the Canada/Nova Scotia Offshore Petroleum Board ( Canada-Nova Scotia Offshore Petroleum Resources Accord Implementation Act ),2021-22 Main Estimates,3932500
R1A,Department of Natural Resources,Ministère des Ressources naturelles,S,Contribution to the Canada/Nova Scotia Offshore Petroleum Board ( Canada-Nova Scotia Offshore Petroleum Resources Accord Implementation Act ),2021-22 Estimates To Date,3932500
R1A,Department of Natural Resources,Ministère des Ressources naturelles,S,Contribution to the Canada/Nova Scotia Offshore Petroleum Board ( Canada-Nova Scotia Offshore Petroleum Resources Accord Implementation Act ),2022-23 Main Estimates,2692690
R1A,Department of Natural Resources,Ministère des Ressources naturelles,S,Geomatics Canada Revolving Fund,2020-21 Expenditures,-1616411
R1A,Department of Natural Resources,Ministère des Ressources naturelles,S,Geomatics Canada Revolving Fund,2021-22 Main Estimates,0
R1A,Department of Natural Resources,Ministère des Ressources naturelles,S,Geomatics Canada Revolving Fund,2021-22 Estimates To Date,0
R1A,Department of Natural Resources,Ministère des Ressources naturelles,S,Geomatics Canada Revolving Fund,2022-23 Main Estimates,0
R1A,Department of Natural Resources,Ministère des Ressources naturelles,S,Other Statutory items listed in the Public Accounts of Canada,2020-21 Expenditures,64252
R1A,Department of Natural Resources,Ministère des Ressources naturelles,S,Other Statutory items listed in the Public Accounts of Canada,2021-22 Main Estimates,0
R1A,Department of Natural Resources,Ministère des Ressources naturelles,S,Other Statutory items listed in the Public Accounts of Canada,2021-22 Estimates To Date,0
R1A,Department of Natural Resources,Ministère des Ressources naturelles,S,Other Statutory items listed in the Public Accounts of Canada,2022-23 Main Estimates,0
R1A,Department of Natural Resources,Ministère des Ressources naturelles,S,Contribution to the Canada/Newfoundland and Labrador Offshore Petroleum Board ( Canada-Newfoundland Atlantic Accord Implementation Act ),2020-21 Expenditures,722583
R1A,Department of Natural Resources,Ministère des Ressources naturelles,S,Contribution to the Canada/Newfoundland and Labrador Offshore Petroleum Board ( Canada-Newfoundland Atlantic Accord Implementation Act ),2021-22 Main Estimates,11677000
R1A,Department of Natural Resources,Ministère des Ressources naturelles,S,Contribution to the Canada/Newfoundland and Labrador Offshore Petroleum Board ( Canada-Newfoundland Atlantic Accord Implementation Act ),2021-22 Estimates To Date,11677000
R1A,Department of Natural Resources,Ministère des Ressources naturelles,S,Contribution to the Canada/Newfoundland and Labrador Offshore Petroleum Board ( Canada-Newfoundland Atlantic Accord Implementation Act ),2022-23 Main Estimates,11187500
R1A,Department of Natural Resources,Ministère des Ressources naturelles,S,Payments to the Newfoundland Offshore Petroleum Resource Revenue Fund ( Canada-Newfoundland Atlantic Accord Implementation Act ),2020-21 Expenditures,211837167
R1A,Department of Natural Resources,Ministère des Ressources naturelles,S,Payments to the Newfoundland Offshore Petroleum Resource Revenue Fund ( Canada-Newfoundland Atlantic Accord Implementation Act ),2021-22 Main Estimates,199334997
R1A,Department of Natural Resources,Ministère des Ressources naturelles,S,Payments to the Newfoundland Offshore Petroleum Resource Revenue Fund ( Canada-Newfoundland Atlantic Accord Implementation Act ),2021-22 Estimates To Date,199334997
R1A,Department of Natural Resources,Ministère des Ressources naturelles,S,Payments to the Newfoundland Offshore Petroleum Resource Revenue Fund ( Canada-Newfoundland Atlantic Accord Implementation Act ),2022-23 Main Estimates,526799780
R1A,Department of Natural Resources,Ministère des Ressources naturelles,S,Minister of Natural Resources  Salary and car allowance ( Salaries Act  and  Parliament of Canada Act ),2020-21 Expenditures,89200
R1A,Department of Natural Resources,Ministère des Ressources naturelles,S,Minister of Natural Resources  Salary and car allowance ( Salaries Act  and  Parliament of Canada Act ),2021-22 Main Estimates,90500
R1A,Department of Natural Resources,Ministère des Ressources naturelles,S,Minister of Natural Resources  Salary and car allowance ( Salaries Act  and  Parliament of Canada Act ),2021-22 Estimates To Date,90500
R1A,Department of Natural Resources,Ministère des Ressources naturelles,S,Minister of Natural Resources  Salary and car allowance ( Salaries Act  and  Parliament of Canada Act ),2022-23 Main Estimates,92500
R1A,Department of Natural Resources,Ministère des Ressources naturelles,S,Contributions to employee benefit plans,2020-21 Expenditures,61823487
R1A,Department of Natural Resources,Ministère des Ressources naturelles,S,Contributions to employee benefit plans,2021-22 Main Estimates,60422325
R1A,Department of Natural Resources,Ministère des Ressources naturelles,S,Contributions to employee benefit plans,2021-22 Estimates To Date,60422325
R1A,Department of Natural Resources,Ministère des Ressources naturelles,S,Contributions to employee benefit plans,2022-23 Main Estimates,64165380
R1A,Department of Public Safety and Emergency Preparedness,Ministère de la Sécurité publique et de la Protection civile,1,Operating expenditures,2020-21 Expenditures,157826692
R1A,Department of Public Safety and Emergency Preparedness,Ministère de la Sécurité publique et de la Protection civile,1,Operating expenditures,2021-22 Main Estimates,181272861
R1A,Department of Public Safety and Emergency Preparedness,Ministère de la Sécurité publique et de la Protection civile,1,Operating expenditures,2021-22 Estimates To Date,181272861
R1A,Department of Public Safety and Emergency Preparedness,Ministère de la Sécurité publique et de la Protection civile,1,Operating expenditures,2022-23 Main Estimates,201130701
R1A,Department of Public Safety and Emergency Preparedness,Ministère de la Sécurité publique et de la Protection civile,5,Grants and contributions,2020-21 Expenditures,562480482
R1A,Department of Public Safety and Emergency Preparedness,Ministère de la Sécurité publique et de la Protection civile,5,Grants and contributions,2021-22 Main Estimates,858170860
R1A,Department of Public Safety and Emergency Preparedness,Ministère de la Sécurité publique et de la Protection civile,5,Grants and contributions,2021-22 Estimates To Date,858170860
R1A,Department of Public Safety and Emergency Preparedness,Ministère de la Sécurité publique et de la Protection civile,5,Grants and contributions,2022-23 Main Estimates,663745982
R1A,Department of Public Safety and Emergency Preparedness,Ministère de la Sécurité publique et de la Protection civile,S,Contributions to employee benefit plans,2020-21 Expenditures,17517659
R1A,Department of Public Safety and Emergency Preparedness,Ministère de la Sécurité publique et de la Protection civile,S,Contributions to employee benefit plans,2021-22 Main Estimates,15929430
R1A,Department of Public Safety and Emergency Preparedness,Ministère de la Sécurité publique et de la Protection civile,S,Contributions to employee benefit plans,2021-22 Estimates To Date,15929430
R1A,Department of Public Safety and Emergency Preparedness,Ministère de la Sécurité publique et de la Protection civile,S,Contributions to employee benefit plans,2022-23 Main Estimates,18503292
R1A,Department of Public Safety and Emergency Preparedness,Ministère de la Sécurité publique et de la Protection civile,S,Minister of Public Safety  Salary and motor car allowance ( Salaries Act  and  Parliament of Canada Act ),2020-21 Expenditures,89200
R1A,Department of Public Safety and Emergency Preparedness,Ministère de la Sécurité publique et de la Protection civile,S,Minister of Public Safety  Salary and motor car allowance ( Salaries Act  and  Parliament of Canada Act ),2021-22 Main Estimates,90500
R1A,Department of Public Safety and Emergency Preparedness,Ministère de la Sécurité publique et de la Protection civile,S,Minister of Public Safety  Salary and motor car allowance ( Salaries Act  and  Parliament of Canada Act ),2021-22 Estimates To Date,90500
R1A,Department of Public Safety and Emergency Preparedness,Ministère de la Sécurité publique et de la Protection civile,S,Minister of Public Safety  Salary and motor car allowance ( Salaries Act  and  Parliament of Canada Act ),2022-23 Main Estimates,92500
R1A,Department of Public Safety and Emergency Preparedness,Ministère de la Sécurité publique et de la Protection civile,S,Payments to the Canadian Red Cross pursuant to the  Public Health Events of National Concern Payments Act,2020-21 Expenditures,39459600
R1A,Department of Public Safety and Emergency Preparedness,Ministère de la Sécurité publique et de la Protection civile,S,Payments to the Canadian Red Cross pursuant to the  Public Health Events of National Concern Payments Act,2021-22 Main Estimates,0
R1A,Department of Public Safety and Emergency Preparedness,Ministère de la Sécurité publique et de la Protection civile,S,Payments to the Canadian Red Cross pursuant to the  Public Health Events of National Concern Payments Act,2021-22 Estimates To Date,0
R1A,Department of Public Safety and Emergency Preparedness,Ministère de la Sécurité publique et de la Protection civile,S,Payments to the Canadian Red Cross pursuant to the  Public Health Events of National Concern Payments Act,2022-23 Main Estimates,0
R1A,Department of Public Works and Government Services,Ministère des Travaux publics et des Services gouvernementaux,1,Operating expenditures,2020-21 Expenditures,2857756117
R1A,Department of Public Works and Government Services,Ministère des Travaux publics et des Services gouvernementaux,1,Operating expenditures,2021-22 Main Estimates,2704667883
R1A,Department of Public Works and Government Services,Ministère des Travaux publics et des Services gouvernementaux,1,Operating expenditures,2021-22 Estimates To Date,2704667883
R1A,Department of Public Works and Government Services,Ministère des Travaux publics et des Services gouvernementaux,1,Operating expenditures,2022-23 Main Estimates,2866815792
R1A,Department of Public Works and Government Services,Ministère des Travaux publics et des Services gouvernementaux,5,Capital expenditures,2020-21 Expenditures,1150463966
R1A,Department of Public Works and Government Services,Ministère des Travaux publics et des Services gouvernementaux,5,Capital expenditures,2021-22 Main Estimates,1632968893
R1A,Department of Public Works and Government Services,Ministère des Travaux publics et des Services gouvernementaux,5,Capital expenditures,2021-22 Estimates To Date,1632968893
R1A,Department of Public Works and Government Services,Ministère des Travaux publics et des Services gouvernementaux,5,Capital expenditures,2022-23 Main Estimates,1610416555
R1A,Department of Public Works and Government Services,Ministère des Travaux publics et des Services gouvernementaux,L10,"Imprest funds, accountable advances and recoverable advances. Limit $50,000,000 (Net)",2020-21 Expenditures,-59724
R1A,Department of Public Works and Government Services,Ministère des Travaux publics et des Services gouvernementaux,L10,"Imprest funds, accountable advances and recoverable advances. Limit $50,000,000 (Net)",2021-22 Main Estimates,0
R1A,Department of Public Works and Government Services,Ministère des Travaux publics et des Services gouvernementaux,L10,"Imprest funds, accountable advances and recoverable advances. Limit $50,000,000 (Net)",2021-22 Estimates To Date,0
R1A,Department of Public Works and Government Services,Ministère des Travaux publics et des Services gouvernementaux,L10,"Imprest funds, accountable advances and recoverable advances. Limit $50,000,000 (Net)",2022-23 Main Estimates,1
R1A,Department of Public Works and Government Services,Ministère des Travaux publics et des Services gouvernementaux,S,Payments in lieu of taxes to municipalities and other taxing authorities (net of recoveries from custodian departments),2020-21 Expenditures,35614948
R1A,Department of Public Works and Government Services,Ministère des Travaux publics et des Services gouvernementaux,S,Payments in lieu of taxes to municipalities and other taxing authorities (net of recoveries from custodian departments),2021-22 Main Estimates,0
R1A,Department of Public Works and Government Services,Ministère des Travaux publics et des Services gouvernementaux,S,Payments in lieu of taxes to municipalities and other taxing authorities (net of recoveries from custodian departments),2021-22 Estimates To Date,0
R1A,Department of Public Works and Government Services,Ministère des Travaux publics et des Services gouvernementaux,S,Payments in lieu of taxes to municipalities and other taxing authorities (net of recoveries from custodian departments),2022-23 Main Estimates,0
R1A,Department of Public Works and Government Services,Ministère des Travaux publics et des Services gouvernementaux,S,Payments to provide supplies for the health system pursuant to the  Public Health Events of National Concern Payments Act,2020-21 Expenditures,220005388
R1A,Department of Public Works and Government Services,Ministère des Travaux publics et des Services gouvernementaux,S,Payments to provide supplies for the health system pursuant to the  Public Health Events of National Concern Payments Act,2021-22 Main Estimates,0
R1A,Department of Public Works and Government Services,Ministère des Travaux publics et des Services gouvernementaux,S,Payments to provide supplies for the health system pursuant to the  Public Health Events of National Concern Payments Act,2021-22 Estimates To Date,0
R1A,Department of Public Works and Government Services,Ministère des Travaux publics et des Services gouvernementaux,S,Payments to provide supplies for the health system pursuant to the  Public Health Events of National Concern Payments Act,2022-23 Main Estimates,0
R1A,Department of Public Works and Government Services,Ministère des Travaux publics et des Services gouvernementaux,S,Other Statutory items listed in the Public Accounts of Canada,2020-21 Expenditures,-4844718
R1A,Department of Public Works and Government Services,Ministère des Travaux publics et des Services gouvernementaux,S,Other Statutory items listed in the Public Accounts of Canada,2021-22 Main Estimates,0
R1A,Department of Public Works and Government Services,Ministère des Travaux publics et des Services gouvernementaux,S,Other Statutory items listed in the Public Accounts of Canada,2021-22 Estimates To Date,0
R1A,Department of Public Works and Government Services,Ministère des Travaux publics et des Services gouvernementaux,S,Other Statutory items listed in the Public Accounts of Canada,2022-23 Main Estimates,0
R1A,Department of Public Works and Government Services,Ministère des Travaux publics et des Services gouvernementaux,S,Optional Services Revolving Fund ( Revolving Funds Act ),2020-21 Expenditures,18636678
R1A,Department of Public Works and Government Services,Ministère des Travaux publics et des Services gouvernementaux,S,Optional Services Revolving Fund ( Revolving Funds Act ),2021-22 Main Estimates,-70806
R1A,Department of Public Works and Government Services,Ministère des Travaux publics et des Services gouvernementaux,S,Optional Services Revolving Fund ( Revolving Funds Act ),2021-22 Estimates To Date,-70806
R1A,Department of Public Works and Government Services,Ministère des Travaux publics et des Services gouvernementaux,S,Optional Services Revolving Fund ( Revolving Funds Act ),2022-23 Main Estimates,322561
R1A,Department of Public Works and Government Services,Ministère des Travaux publics et des Services gouvernementaux,S,Real Property Services Revolving Fund ( Revolving Funds Act ),2020-21 Expenditures,-16236119
R1A,Department of Public Works and Government Services,Ministère des Travaux publics et des Services gouvernementaux,S,Real Property Services Revolving Fund ( Revolving Funds Act ),2021-22 Main Estimates,4162692
R1A,Department of Public Works and Government Services,Ministère des Travaux publics et des Services gouvernementaux,S,Real Property Services Revolving Fund ( Revolving Funds Act ),2021-22 Estimates To Date,4162692
R1A,Department of Public Works and Government Services,Ministère des Travaux publics et des Services gouvernementaux,S,Real Property Services Revolving Fund ( Revolving Funds Act ),2022-23 Main Estimates,-1842496
R1A,Department of Public Works and Government Services,Ministère des Travaux publics et des Services gouvernementaux,S,"Translation Bureau Revolving Fund ( Appropriation Act No. 4, 199495 )",2020-21 Expenditures,16108748
R1A,Department of Public Works and Government Services,Ministère des Travaux publics et des Services gouvernementaux,S,"Translation Bureau Revolving Fund ( Appropriation Act No. 4, 199495 )",2021-22 Main Estimates,3367423
R1A,Department of Public Works and Government Services,Ministère des Travaux publics et des Services gouvernementaux,S,"Translation Bureau Revolving Fund ( Appropriation Act No. 4, 199495 )",2021-22 Estimates To Date,3367423
R1A,Department of Public Works and Government Services,Ministère des Travaux publics et des Services gouvernementaux,S,"Translation Bureau Revolving Fund ( Appropriation Act No. 4, 199495 )",2022-23 Main Estimates,7352262
R1A,Department of Public Works and Government Services,Ministère des Travaux publics et des Services gouvernementaux,S,Minister of Public Works and Government Services (Minister of Public  Services and Procurement)  Salary and motor car allowance ( Salaries Act  and  Parliament of Canada Act ),2020-21 Expenditures,89200
R1A,Department of Public Works and Government Services,Ministère des Travaux publics et des Services gouvernementaux,S,Minister of Public Works and Government Services (Minister of Public  Services and Procurement)  Salary and motor car allowance ( Salaries Act  and  Parliament of Canada Act ),2021-22 Main Estimates,90500
R1A,Department of Public Works and Government Services,Ministère des Travaux publics et des Services gouvernementaux,S,Minister of Public Works and Government Services (Minister of Public  Services and Procurement)  Salary and motor car allowance ( Salaries Act  and  Parliament of Canada Act ),2021-22 Estimates To Date,90500
R1A,Department of Public Works and Government Services,Ministère des Travaux publics et des Services gouvernementaux,S,Minister of Public Works and Government Services (Minister of Public  Services and Procurement)  Salary and motor car allowance ( Salaries Act  and  Parliament of Canada Act ),2022-23 Main Estimates,92500
R1A,Department of Public Works and Government Services,Ministère des Travaux publics et des Services gouvernementaux,S,Contributions to employee benefit plans,2020-21 Expenditures,164137954
R1A,Department of Public Works and Government Services,Ministère des Travaux publics et des Services gouvernementaux,S,Contributions to employee benefit plans,2021-22 Main Estimates,146043596
R1A,Department of Public Works and Government Services,Ministère des Travaux publics et des Services gouvernementaux,S,Contributions to employee benefit plans,2021-22 Estimates To Date,146043596
R1A,Department of Public Works and Government Services,Ministère des Travaux publics et des Services gouvernementaux,S,Contributions to employee benefit plans,2022-23 Main Estimates,156455973
R1A,Department of Transport,Ministère des Transports,1,Operating expenditures,2020-21 Expenditures,783300811
R1A,Department of Transport,Ministère des Transports,1,Operating expenditures,2021-22 Main Estimates,741693237
R1A,Department of Transport,Ministère des Transports,1,Operating expenditures,2021-22 Estimates To Date,741693237
R1A,Department of Transport,Ministère des Transports,1,Operating expenditures,2022-23 Main Estimates,717960052
R1A,Department of Transport,Ministère des Transports,5,Capital expenditures,2020-21 Expenditures,248383904
R1A,Department of Transport,Ministère des Transports,5,Capital expenditures,2021-22 Main Estimates,122406985
R1A,Department of Transport,Ministère des Transports,5,Capital expenditures,2021-22 Estimates To Date,122406985
R1A,Department of Transport,Ministère des Transports,5,Capital expenditures,2022-23 Main Estimates,86811642
R1A,Department of Transport,Ministère des Transports,10,Grants and contributions,2020-21 Expenditures,588377554
R1A,Department of Transport,Ministère des Transports,10,Grants and contributions,2021-22 Main Estimates,960185842
R1A,Department of Transport,Ministère des Transports,10,Grants and contributions,2021-22 Estimates To Date,960185842
R1A,Department of Transport,Ministère des Transports,10,Grants and contributions,2022-23 Main Estimates,1823658649
R1A,Department of Transport,Ministère des Transports,S,Contributions to employee benefit plans,2020-21 Expenditures,92278976
R1A,Department of Transport,Ministère des Transports,S,Contributions to employee benefit plans,2021-22 Main Estimates,86818172
R1A,Department of Transport,Ministère des Transports,S,Contributions to employee benefit plans,2021-22 Estimates To Date,86818172
R1A,Department of Transport,Ministère des Transports,S,Contributions to employee benefit plans,2022-23 Main Estimates,86773869
R1A,Department of Transport,Ministère des Transports,S,Minister of Transport  Salary and motor car allowance ( Salaries Act  and  Parliament of Canada Act ),2020-21 Expenditures,89200
R1A,Department of Transport,Ministère des Transports,S,Minister of Transport  Salary and motor car allowance ( Salaries Act  and  Parliament of Canada Act ),2021-22 Main Estimates,90500
R1A,Department of Transport,Ministère des Transports,S,Minister of Transport  Salary and motor car allowance ( Salaries Act  and  Parliament of Canada Act ),2021-22 Estimates To Date,90500
R1A,Department of Transport,Ministère des Transports,S,Minister of Transport  Salary and motor car allowance ( Salaries Act  and  Parliament of Canada Act ),2022-23 Main Estimates,92500
R1A,Department of Transport,Ministère des Transports,S,"Payments in respect of the St. Lawrence Seaway agreements under the  Canada Marine Act  (S.C., 1998, c. 10)",2020-21 Expenditures,72894839
R1A,Department of Transport,Ministère des Transports,S,"Payments in respect of the St. Lawrence Seaway agreements under the  Canada Marine Act  (S.C., 1998, c. 10)",2021-22 Main Estimates,66750800
R1A,Department of Transport,Ministère des Transports,S,"Payments in respect of the St. Lawrence Seaway agreements under the  Canada Marine Act  (S.C., 1998, c. 10)",2021-22 Estimates To Date,66750800
R1A,Department of Transport,Ministère des Transports,S,"Payments in respect of the St. Lawrence Seaway agreements under the  Canada Marine Act  (S.C., 1998, c. 10)",2022-23 Main Estimates,62156000
R1A,Department of Transport,Ministère des Transports,S,Other Statutory items listed in the Public Accounts of Canada,2020-21 Expenditures,39936115
R1A,Department of Transport,Ministère des Transports,S,Other Statutory items listed in the Public Accounts of Canada,2021-22 Main Estimates,0
R1A,Department of Transport,Ministère des Transports,S,Other Statutory items listed in the Public Accounts of Canada,2021-22 Estimates To Date,0
R1A,Department of Transport,Ministère des Transports,S,Other Statutory items listed in the Public Accounts of Canada,2022-23 Main Estimates,0
R1A,Department of Transport,Ministère des Transports,S,"Payments to the Canadian National Railway Company in respect of the termination of the collection of tolls on the Victoria Bridge, Montreal and for rehabilitation work on the roadway portion of the Bridge (Vote 107,   Appropriation Act No. 5, 1963 , S.C., 1963, c. 42)",2020-21 Expenditures,3300000
R1A,Department of Transport,Ministère des Transports,S,"Payments to the Canadian National Railway Company in respect of the termination of the collection of tolls on the Victoria Bridge, Montreal and for rehabilitation work on the roadway portion of the Bridge (Vote 107,   Appropriation Act No. 5, 1963 , S.C., 1963, c. 42)",2021-22 Main Estimates,3300000
R1A,Department of Transport,Ministère des Transports,S,"Payments to the Canadian National Railway Company in respect of the termination of the collection of tolls on the Victoria Bridge, Montreal and for rehabilitation work on the roadway portion of the Bridge (Vote 107,   Appropriation Act No. 5, 1963 , S.C., 1963, c. 42)",2021-22 Estimates To Date,3300000
R1A,Department of Transport,Ministère des Transports,S,"Payments to the Canadian National Railway Company in respect of the termination of the collection of tolls on the Victoria Bridge, Montreal and for rehabilitation work on the roadway portion of the Bridge (Vote 107,   Appropriation Act No. 5, 1963 , S.C., 1963, c. 42)",2022-23 Main Estimates,3300000
R1A,Department of Transport,Ministère des Transports,S,"Northumberland Strait Crossing Subsidy Payment under the  Northumberland Strait Crossing Act  (S.C., 1993, c. 43)",2020-21 Expenditures,68603289
R1A,Department of Transport,Ministère des Transports,S,"Northumberland Strait Crossing Subsidy Payment under the  Northumberland Strait Crossing Act  (S.C., 1993, c. 43)",2021-22 Main Estimates,69999777
R1A,Department of Transport,Ministère des Transports,S,"Northumberland Strait Crossing Subsidy Payment under the  Northumberland Strait Crossing Act  (S.C., 1993, c. 43)",2021-22 Estimates To Date,69999777
R1A,Department of Transport,Ministère des Transports,S,"Northumberland Strait Crossing Subsidy Payment under the  Northumberland Strait Crossing Act  (S.C., 1993, c. 43)",2022-23 Main Estimates,71100485
R1A,Department of Veterans Affairs,Ministère des Anciens Combattants,1,Operating expenditures,2020-21 Expenditures,1084358047
R1A,Department of Veterans Affairs,Ministère des Anciens Combattants,1,Operating expenditures,2021-22 Main Estimates,1302127308
R1A,Department of Veterans Affairs,Ministère des Anciens Combattants,1,Operating expenditures,2021-22 Estimates To Date,1302127308
R1A,Department of Veterans Affairs,Ministère des Anciens Combattants,1,Operating expenditures,2022-23 Main Estimates,1248089396
R1A,Department of Veterans Affairs,Ministère des Anciens Combattants,5,Grants and contributions,2020-21 Expenditures,3667732300
R1A,Department of Veterans Affairs,Ministère des Anciens Combattants,5,Grants and contributions,2021-22 Main Estimates,4944822846
R1A,Department of Veterans Affairs,Ministère des Anciens Combattants,5,Grants and contributions,2021-22 Estimates To Date,4944822846
R1A,Department of Veterans Affairs,Ministère des Anciens Combattants,5,Grants and contributions,2022-23 Main Estimates,4220894997
R1A,Department of Veterans Affairs,Ministère des Anciens Combattants,S,Contributions to employee benefit plans,2020-21 Expenditures,45024888
R1A,Department of Veterans Affairs,Ministère des Anciens Combattants,S,Contributions to employee benefit plans,2021-22 Main Estimates,43734783
R1A,Department of Veterans Affairs,Ministère des Anciens Combattants,S,Contributions to employee benefit plans,2021-22 Estimates To Date,43734783
R1A,Department of Veterans Affairs,Ministère des Anciens Combattants,S,Contributions to employee benefit plans,2022-23 Main Estimates,38186572
R1A,Department of Veterans Affairs,Ministère des Anciens Combattants,S,Minister of Veterans Affairs and Associate Minister of National Defence  Salary and motor car allowance ( Salaries Act  and  Parliament  of Canada Act ),2020-21 Expenditures,89200
R1A,Department of Veterans Affairs,Ministère des Anciens Combattants,S,Minister of Veterans Affairs and Associate Minister of National Defence  Salary and motor car allowance ( Salaries Act  and  Parliament  of Canada Act ),2021-22 Main Estimates,90500
R1A,Department of Veterans Affairs,Ministère des Anciens Combattants,S,Minister of Veterans Affairs and Associate Minister of National Defence  Salary and motor car allowance ( Salaries Act  and  Parliament  of Canada Act ),2021-22 Estimates To Date,90500
R1A,Department of Veterans Affairs,Ministère des Anciens Combattants,S,Minister of Veterans Affairs and Associate Minister of National Defence  Salary and motor car allowance ( Salaries Act  and  Parliament  of Canada Act ),2022-23 Main Estimates,92500
R1A,Department of Veterans Affairs,Ministère des Anciens Combattants,S,Other Statutory items listed in the Public Accounts of Canada,2020-21 Expenditures,19396099
R1A,Department of Veterans Affairs,Ministère des Anciens Combattants,S,Other Statutory items listed in the Public Accounts of Canada,2021-22 Main Estimates,0
R1A,Department of Veterans Affairs,Ministère des Anciens Combattants,S,Other Statutory items listed in the Public Accounts of Canada,2021-22 Estimates To Date,0
R1A,Department of Veterans Affairs,Ministère des Anciens Combattants,S,Other Statutory items listed in the Public Accounts of Canada,2022-23 Main Estimates,0
R1A,Department of Veterans Affairs,Ministère des Anciens Combattants,S,Veterans Insurance Actuarial Liability Adjustment ( Veterans Insurance Act ),2020-21 Expenditures,33549
R1A,Department of Veterans Affairs,Ministère des Anciens Combattants,S,Veterans Insurance Actuarial Liability Adjustment ( Veterans Insurance Act ),2021-22 Main Estimates,175000
R1A,Department of Veterans Affairs,Ministère des Anciens Combattants,S,Veterans Insurance Actuarial Liability Adjustment ( Veterans Insurance Act ),2021-22 Estimates To Date,175000
R1A,Department of Veterans Affairs,Ministère des Anciens Combattants,S,Veterans Insurance Actuarial Liability Adjustment ( Veterans Insurance Act ),2022-23 Main Estimates,175000
R1A,Department of Veterans Affairs,Ministère des Anciens Combattants,S,Payments to support veterans' organizations pursuant to the  Public Health Events of National Concern Payments Act,2020-21 Expenditures,19999420
R1A,Department of Veterans Affairs,Ministère des Anciens Combattants,S,Payments to support veterans' organizations pursuant to the  Public Health Events of National Concern Payments Act,2021-22 Main Estimates,0
R1A,Department of Veterans Affairs,Ministère des Anciens Combattants,S,Payments to support veterans' organizations pursuant to the  Public Health Events of National Concern Payments Act,2021-22 Estimates To Date,0
R1A,Department of Veterans Affairs,Ministère des Anciens Combattants,S,Payments to support veterans' organizations pursuant to the  Public Health Events of National Concern Payments Act,2022-23 Main Estimates,0
R1A,Department of Veterans Affairs,Ministère des Anciens Combattants,S,Returned Soldiers Insurance Actuarial Liability Adjustment ( Returned Soldiers Insurance Act ),2020-21 Expenditures,0
R1A,Department of Veterans Affairs,Ministère des Anciens Combattants,S,Returned Soldiers Insurance Actuarial Liability Adjustment ( Returned Soldiers Insurance Act ),2021-22 Main Estimates,10000
R1A,Department of Veterans Affairs,Ministère des Anciens Combattants,S,Returned Soldiers Insurance Actuarial Liability Adjustment ( Returned Soldiers Insurance Act ),2021-22 Estimates To Date,10000
R1A,Department of Veterans Affairs,Ministère des Anciens Combattants,S,Returned Soldiers Insurance Actuarial Liability Adjustment ( Returned Soldiers Insurance Act ),2022-23 Main Estimates,10000
R1A,Department of Veterans Affairs,Ministère des Anciens Combattants,S,"Repayments under section 15 of the  War Service Grants Act  of compensating adjustments made in accordance with the terms of the  Veterans' Land Act  (R.S.C., 1970, c. V-4)",2020-21 Expenditures,0
R1A,Department of Veterans Affairs,Ministère des Anciens Combattants,S,"Repayments under section 15 of the  War Service Grants Act  of compensating adjustments made in accordance with the terms of the  Veterans' Land Act  (R.S.C., 1970, c. V-4)",2021-22 Main Estimates,10000
R1A,Department of Veterans Affairs,Ministère des Anciens Combattants,S,"Repayments under section 15 of the  War Service Grants Act  of compensating adjustments made in accordance with the terms of the  Veterans' Land Act  (R.S.C., 1970, c. V-4)",2021-22 Estimates To Date,10000
R1A,Department of Veterans Affairs,Ministère des Anciens Combattants,S,"Repayments under section 15 of the  War Service Grants Act  of compensating adjustments made in accordance with the terms of the  Veterans' Land Act  (R.S.C., 1970, c. V-4)",2022-23 Main Estimates,10000
R1A,Department of Veterans Affairs,Ministère des Anciens Combattants,S,"Re-Establishment Credits under section 8 of the  War Service Grants Act  (R.S.C., 1970, c. W-4)",2020-21 Expenditures,0
R1A,Department of Veterans Affairs,Ministère des Anciens Combattants,S,"Re-Establishment Credits under section 8 of the  War Service Grants Act  (R.S.C., 1970, c. W-4)",2021-22 Main Estimates,2000
R1A,Department of Veterans Affairs,Ministère des Anciens Combattants,S,"Re-Establishment Credits under section 8 of the  War Service Grants Act  (R.S.C., 1970, c. W-4)",2021-22 Estimates To Date,2000
R1A,Department of Veterans Affairs,Ministère des Anciens Combattants,S,"Re-Establishment Credits under section 8 of the  War Service Grants Act  (R.S.C., 1970, c. W-4)",2022-23 Main Estimates,2000
R1A,Department of Western Economic Diversification,Ministère de la Diversification de l'économie de lOuest canadien,1,Operating expenditures,2020-21 Expenditures,47239007
R1A,Department of Western Economic Diversification,Ministère de la Diversification de l'économie de lOuest canadien,1,Operating expenditures,2021-22 Main Estimates,43991768
R1A,Department of Western Economic Diversification,Ministère de la Diversification de l'économie de lOuest canadien,1,Operating expenditures,2021-22 Estimates To Date,43991768
R1A,Department of Western Economic Diversification,Ministère de la Diversification de l'économie de lOuest canadien,1,Operating expenditures,2022-23 Main Estimates,46629778
R1A,Department of Western Economic Diversification,Ministère de la Diversification de l'économie de lOuest canadien,5,Grants and contributions,2020-21 Expenditures,382482600
R1A,Department of Western Economic Diversification,Ministère de la Diversification de l'économie de lOuest canadien,5,Grants and contributions,2021-22 Main Estimates,295109880
R1A,Department of Western Economic Diversification,Ministère de la Diversification de l'économie de lOuest canadien,5,Grants and contributions,2021-22 Estimates To Date,295109880
R1A,Department of Western Economic Diversification,Ministère de la Diversification de l'économie de lOuest canadien,5,Grants and contributions,2022-23 Main Estimates,371435004
R1A,Department of Western Economic Diversification,Ministère de la Diversification de l'économie de lOuest canadien,S,"Payments to provide financing support to small and medium-sized businesses pursuant to the  Economic Statement Implementation Act, 2020",2020-21 Expenditures,236863770
R1A,Department of Western Economic Diversification,Ministère de la Diversification de l'économie de lOuest canadien,S,"Payments to provide financing support to small and medium-sized businesses pursuant to the  Economic Statement Implementation Act, 2020",2021-22 Main Estimates,0
R1A,Department of Western Economic Diversification,Ministère de la Diversification de l'économie de lOuest canadien,S,"Payments to provide financing support to small and medium-sized businesses pursuant to the  Economic Statement Implementation Act, 2020",2021-22 Estimates To Date,0
R1A,Department of Western Economic Diversification,Ministère de la Diversification de l'économie de lOuest canadien,S,"Payments to provide financing support to small and medium-sized businesses pursuant to the  Economic Statement Implementation Act, 2020",2022-23 Main Estimates,0
R1A,Department of Western Economic Diversification,Ministère de la Diversification de l'économie de lOuest canadien,S,Payments to the Canadian Seafood Stabilization Fund pursuant to the  Public Health Events of National Concern Payments Act,2020-21 Expenditures,9031172
R1A,Department of Western Economic Diversification,Ministère de la Diversification de l'économie de lOuest canadien,S,Payments to the Canadian Seafood Stabilization Fund pursuant to the  Public Health Events of National Concern Payments Act,2021-22 Main Estimates,0
R1A,Department of Western Economic Diversification,Ministère de la Diversification de l'économie de lOuest canadien,S,Payments to the Canadian Seafood Stabilization Fund pursuant to the  Public Health Events of National Concern Payments Act,2021-22 Estimates To Date,0
R1A,Department of Western Economic Diversification,Ministère de la Diversification de l'économie de lOuest canadien,S,Payments to the Canadian Seafood Stabilization Fund pursuant to the  Public Health Events of National Concern Payments Act,2022-23 Main Estimates,0
R1A,Department of Western Economic Diversification,Ministère de la Diversification de l'économie de lOuest canadien,S,Payments for the Community Futures Network pursuant to the  Public Health Events of National Concern Payments Act,2020-21 Expenditures,226500000
R1A,Department of Western Economic Diversification,Ministère de la Diversification de l'économie de lOuest canadien,S,Payments for the Community Futures Network pursuant to the  Public Health Events of National Concern Payments Act,2021-22 Main Estimates,0
R1A,Department of Western Economic Diversification,Ministère de la Diversification de l'économie de lOuest canadien,S,Payments for the Community Futures Network pursuant to the  Public Health Events of National Concern Payments Act,2021-22 Estimates To Date,0
R1A,Department of Western Economic Diversification,Ministère de la Diversification de l'économie de lOuest canadien,S,Payments for the Community Futures Network pursuant to the  Public Health Events of National Concern Payments Act,2022-23 Main Estimates,0
R1A,Department of Western Economic Diversification,Ministère de la Diversification de l'économie de lOuest canadien,S,Contributions to employee benefit plans,2020-21 Expenditures,5381397
R1A,Department of Western Economic Diversification,Ministère de la Diversification de l'économie de lOuest canadien,S,Contributions to employee benefit plans,2021-22 Main Estimates,4684680
R1A,Department of Western Economic Diversification,Ministère de la Diversification de l'économie de lOuest canadien,S,Contributions to employee benefit plans,2021-22 Estimates To Date,4684680
R1A,Department of Western Economic Diversification,Ministère de la Diversification de l'économie de lOuest canadien,S,Contributions to employee benefit plans,2022-23 Main Estimates,5403901
R1A,Department of the Environment,Ministère de lEnvironnement,1,Operating expenditures,2020-21 Expenditures,913485581
R1A,Department of the Environment,Ministère de lEnvironnement,1,Operating expenditures,2021-22 Main Estimates,874087203
R1A,Department of the Environment,Ministère de lEnvironnement,1,Operating expenditures,2021-22 Estimates To Date,874087203
R1A,Department of the Environment,Ministère de lEnvironnement,1,Operating expenditures,2022-23 Main Estimates,969250762
R1A,Department of the Environment,Ministère de lEnvironnement,5,Capital expenditures,2020-21 Expenditures,75643015
R1A,Department of the Environment,Ministère de lEnvironnement,5,Capital expenditures,2021-22 Main Estimates,104520877
R1A,Department of the Environment,Ministère de lEnvironnement,5,Capital expenditures,2021-22 Estimates To Date,104520877
R1A,Department of the Environment,Ministère de lEnvironnement,5,Capital expenditures,2022-23 Main Estimates,120490444
R1A,Department of the Environment,Ministère de lEnvironnement,10,Grants and contributions,2020-21 Expenditures,548478199
R1A,Department of the Environment,Ministère de lEnvironnement,10,Grants and contributions,2021-22 Main Estimates,623678109
R1A,Department of the Environment,Ministère de lEnvironnement,10,Grants and contributions,2021-22 Estimates To Date,623678109
R1A,Department of the Environment,Ministère de lEnvironnement,10,Grants and contributions,2022-23 Main Estimates,770281713
R1A,Department of the Environment,Ministère de lEnvironnement,S,Payments to support students and youth impacted by COVID-19 pursuant to the  Public Health Events of National Concern Payments Act,2020-21 Expenditures,11262252
R1A,Department of the Environment,Ministère de lEnvironnement,S,Payments to support students and youth impacted by COVID-19 pursuant to the  Public Health Events of National Concern Payments Act,2021-22 Main Estimates,0
R1A,Department of the Environment,Ministère de lEnvironnement,S,Payments to support students and youth impacted by COVID-19 pursuant to the  Public Health Events of National Concern Payments Act,2021-22 Estimates To Date,0
R1A,Department of the Environment,Ministère de lEnvironnement,S,Payments to support students and youth impacted by COVID-19 pursuant to the  Public Health Events of National Concern Payments Act,2022-23 Main Estimates,0
R1A,Department of the Environment,Ministère de lEnvironnement,S,"Climate Action Support Payments (Climate Action Incentive Fund) ( Budget Implementation Act, 2019, No. 1  - S.C. 2019, c. 29)",2020-21 Expenditures,95181916
R1A,Department of the Environment,Ministère de lEnvironnement,S,"Climate Action Support Payments (Climate Action Incentive Fund) ( Budget Implementation Act, 2019, No. 1  - S.C. 2019, c. 29)",2021-22 Main Estimates,0
R1A,Department of the Environment,Ministère de lEnvironnement,S,"Climate Action Support Payments (Climate Action Incentive Fund) ( Budget Implementation Act, 2019, No. 1  - S.C. 2019, c. 29)",2021-22 Estimates To Date,0
R1A,Department of the Environment,Ministère de lEnvironnement,S,"Climate Action Support Payments (Climate Action Incentive Fund) ( Budget Implementation Act, 2019, No. 1  - S.C. 2019, c. 29)",2022-23 Main Estimates,0
R1A,Department of the Environment,Ministère de lEnvironnement,S,Other Statutory items listed in the Public Accounts of Canada,2020-21 Expenditures,116135
R1A,Department of the Environment,Ministère de lEnvironnement,S,Other Statutory items listed in the Public Accounts of Canada,2021-22 Main Estimates,0
R1A,Department of the Environment,Ministère de lEnvironnement,S,Other Statutory items listed in the Public Accounts of Canada,2021-22 Estimates To Date,0
R1A,Department of the Environment,Ministère de lEnvironnement,S,Other Statutory items listed in the Public Accounts of Canada,2022-23 Main Estimates,0
R1A,Department of the Environment,Ministère de lEnvironnement,S,Minister of Environment and Climate Change  Salary and motor car allowance ( Salaries Act  and  Parliament of Canada Act ),2020-21 Expenditures,89200
R1A,Department of the Environment,Ministère de lEnvironnement,S,Minister of Environment and Climate Change  Salary and motor car allowance ( Salaries Act  and  Parliament of Canada Act ),2021-22 Main Estimates,90500
R1A,Department of the Environment,Ministère de lEnvironnement,S,Minister of Environment and Climate Change  Salary and motor car allowance ( Salaries Act  and  Parliament of Canada Act ),2021-22 Estimates To Date,90500
R1A,Department of the Environment,Ministère de lEnvironnement,S,Minister of Environment and Climate Change  Salary and motor car allowance ( Salaries Act  and  Parliament of Canada Act ),2022-23 Main Estimates,92500
R1A,Department of the Environment,Ministère de lEnvironnement,S,Contributions to employee benefit plans,2020-21 Expenditures,102530290
R1A,Department of the Environment,Ministère de lEnvironnement,S,Contributions to employee benefit plans,2021-22 Main Estimates,96770731
R1A,Department of the Environment,Ministère de lEnvironnement,S,Contributions to employee benefit plans,2021-22 Estimates To Date,96770731
R1A,Department of the Environment,Ministère de lEnvironnement,S,Contributions to employee benefit plans,2022-23 Main Estimates,108101652
R1A,Economic Development Agency of Canada for the Regions of Quebec,Agence de développement économique du Canada pour les régions du Québec,1,Operating expenditures,2020-21 Expenditures,43583309
R1A,Economic Development Agency of Canada for the Regions of Quebec,Agence de développement économique du Canada pour les régions du Québec,1,Operating expenditures,2021-22 Main Estimates,41078212
R1A,Economic Development Agency of Canada for the Regions of Quebec,Agence de développement économique du Canada pour les régions du Québec,1,Operating expenditures,2021-22 Estimates To Date,41078212
R1A,Economic Development Agency of Canada for the Regions of Quebec,Agence de développement économique du Canada pour les régions du Québec,1,Operating expenditures,2022-23 Main Estimates,45631276
R1A,Economic Development Agency of Canada for the Regions of Quebec,Agence de développement économique du Canada pour les régions du Québec,5,Grants and contributions,2020-21 Expenditures,411427225
R1A,Economic Development Agency of Canada for the Regions of Quebec,Agence de développement économique du Canada pour les régions du Québec,5,Grants and contributions,2021-22 Main Estimates,320401782
R1A,Economic Development Agency of Canada for the Regions of Quebec,Agence de développement économique du Canada pour les régions du Québec,5,Grants and contributions,2021-22 Estimates To Date,320401782
R1A,Economic Development Agency of Canada for the Regions of Quebec,Agence de développement économique du Canada pour les régions du Québec,5,Grants and contributions,2022-23 Main Estimates,534878113
R1A,Economic Development Agency of Canada for the Regions of Quebec,Agence de développement économique du Canada pour les régions du Québec,S,Payments to the Canadian Seafood Stabilization Fund pursuant to the  Public Health Events of National Concern Payments Act,2020-21 Expenditures,380296
R1A,Economic Development Agency of Canada for the Regions of Quebec,Agence de développement économique du Canada pour les régions du Québec,S,Payments to the Canadian Seafood Stabilization Fund pursuant to the  Public Health Events of National Concern Payments Act,2021-22 Main Estimates,0
R1A,Economic Development Agency of Canada for the Regions of Quebec,Agence de développement économique du Canada pour les régions du Québec,S,Payments to the Canadian Seafood Stabilization Fund pursuant to the  Public Health Events of National Concern Payments Act,2021-22 Estimates To Date,0
R1A,Economic Development Agency of Canada for the Regions of Quebec,Agence de développement économique du Canada pour les régions du Québec,S,Payments to the Canadian Seafood Stabilization Fund pursuant to the  Public Health Events of National Concern Payments Act,2022-23 Main Estimates,0
R1A,Economic Development Agency of Canada for the Regions of Quebec,Agence de développement économique du Canada pour les régions du Québec,S,Other Statutory items listed in the Public Accounts of Canada,2020-21 Expenditures,5115
R1A,Economic Development Agency of Canada for the Regions of Quebec,Agence de développement économique du Canada pour les régions du Québec,S,Other Statutory items listed in the Public Accounts of Canada,2021-22 Main Estimates,0
R1A,Economic Development Agency of Canada for the Regions of Quebec,Agence de développement économique du Canada pour les régions du Québec,S,Other Statutory items listed in the Public Accounts of Canada,2021-22 Estimates To Date,0
R1A,Economic Development Agency of Canada for the Regions of Quebec,Agence de développement économique du Canada pour les régions du Québec,S,Other Statutory items listed in the Public Accounts of Canada,2022-23 Main Estimates,0
R1A,Economic Development Agency of Canada for the Regions of Quebec,Agence de développement économique du Canada pour les régions du Québec,S,Contributions to employee benefit plans,2020-21 Expenditures,4979954
R1A,Economic Development Agency of Canada for the Regions of Quebec,Agence de développement économique du Canada pour les régions du Québec,S,Contributions to employee benefit plans,2021-22 Main Estimates,5001834
R1A,Economic Development Agency of Canada for the Regions of Quebec,Agence de développement économique du Canada pour les régions du Québec,S,Contributions to employee benefit plans,2021-22 Estimates To Date,5001834
R1A,Economic Development Agency of Canada for the Regions of Quebec,Agence de développement économique du Canada pour les régions du Québec,S,Contributions to employee benefit plans,2022-23 Main Estimates,5662207
R1A,Economic Development Agency of Canada for the Regions of Quebec,Agence de développement économique du Canada pour les régions du Québec,S,Payments for the Community Futures Network pursuant to the  Public Health Events of National Concern Payments Act,2020-21 Expenditures,65000000
R1A,Economic Development Agency of Canada for the Regions of Quebec,Agence de développement économique du Canada pour les régions du Québec,S,Payments for the Community Futures Network pursuant to the  Public Health Events of National Concern Payments Act,2021-22 Main Estimates,0
R1A,Economic Development Agency of Canada for the Regions of Quebec,Agence de développement économique du Canada pour les régions du Québec,S,Payments for the Community Futures Network pursuant to the  Public Health Events of National Concern Payments Act,2021-22 Estimates To Date,0
R1A,Economic Development Agency of Canada for the Regions of Quebec,Agence de développement économique du Canada pour les régions du Québec,S,Payments for the Community Futures Network pursuant to the  Public Health Events of National Concern Payments Act,2022-23 Main Estimates,0
R1A,Economic Development Agency of Canada for the Regions of Quebec,Agence de développement économique du Canada pour les régions du Québec,S,Payments to provide financing support to small and medium-sized businesses pursuant to the  Public Health Events of National Concern  Payments Act,2020-21 Expenditures,25000000
R1A,Economic Development Agency of Canada for the Regions of Quebec,Agence de développement économique du Canada pour les régions du Québec,S,Payments to provide financing support to small and medium-sized businesses pursuant to the  Public Health Events of National Concern  Payments Act,2021-22 Main Estimates,0
R1A,Economic Development Agency of Canada for the Regions of Quebec,Agence de développement économique du Canada pour les régions du Québec,S,Payments to provide financing support to small and medium-sized businesses pursuant to the  Public Health Events of National Concern  Payments Act,2021-22 Estimates To Date,0
R1A,Economic Development Agency of Canada for the Regions of Quebec,Agence de développement économique du Canada pour les régions du Québec,S,Payments to provide financing support to small and medium-sized businesses pursuant to the  Public Health Events of National Concern  Payments Act,2022-23 Main Estimates,0
R1A,Federal Economic Development Agency for Northern Ontario,Agence fédérale de développement économique pour le Nord de lOntario,1,Operating expenditures,2020-21 Expenditures,0
R1A,Federal Economic Development Agency for Northern Ontario,Agence fédérale de développement économique pour le Nord de lOntario,1,Operating expenditures,2021-22 Main Estimates,0
R1A,Federal Economic Development Agency for Northern Ontario,Agence fédérale de développement économique pour le Nord de lOntario,1,Operating expenditures,2021-22 Estimates To Date,0
R1A,Federal Economic Development Agency for Northern Ontario,Agence fédérale de développement économique pour le Nord de lOntario,1,Operating expenditures,2022-23 Main Estimates,12580878
R1A,Federal Economic Development Agency for Northern Ontario,Agence fédérale de développement économique pour le Nord de lOntario,5,Grants and contributions,2020-21 Expenditures,0
R1A,Federal Economic Development Agency for Northern Ontario,Agence fédérale de développement économique pour le Nord de lOntario,5,Grants and contributions,2021-22 Main Estimates,0
R1A,Federal Economic Development Agency for Northern Ontario,Agence fédérale de développement économique pour le Nord de lOntario,5,Grants and contributions,2021-22 Estimates To Date,0
R1A,Federal Economic Development Agency for Northern Ontario,Agence fédérale de développement économique pour le Nord de lOntario,5,Grants and contributions,2022-23 Main Estimates,109618074
R1A,Federal Economic Development Agency for Northern Ontario,Agence fédérale de développement économique pour le Nord de lOntario,S,Contributions to employee benefit plans,2020-21 Expenditures,0
R1A,Federal Economic Development Agency for Northern Ontario,Agence fédérale de développement économique pour le Nord de lOntario,S,Contributions to employee benefit plans,2021-22 Main Estimates,0
R1A,Federal Economic Development Agency for Northern Ontario,Agence fédérale de développement économique pour le Nord de lOntario,S,Contributions to employee benefit plans,2021-22 Estimates To Date,0
R1A,Federal Economic Development Agency for Northern Ontario,Agence fédérale de développement économique pour le Nord de lOntario,S,Contributions to employee benefit plans,2022-23 Main Estimates,1623946
R1A,Federal Economic Development Agency for Southern Ontario,Agence fédérale de développement économique pour le Sud de lOntario,1,Operating expenditures,2020-21 Expenditures,33652330
R1A,Federal Economic Development Agency for Southern Ontario,Agence fédérale de développement économique pour le Sud de lOntario,1,Operating expenditures,2021-22 Main Estimates,31349200
R1A,Federal Economic Development Agency for Southern Ontario,Agence fédérale de développement économique pour le Sud de lOntario,1,Operating expenditures,2021-22 Estimates To Date,31349200
R1A,Federal Economic Development Agency for Southern Ontario,Agence fédérale de développement économique pour le Sud de lOntario,1,Operating expenditures,2022-23 Main Estimates,40681594
R1A,Federal Economic Development Agency for Southern Ontario,Agence fédérale de développement économique pour le Sud de lOntario,5,Grants and contributions,2020-21 Expenditures,417473725
R1A,Federal Economic Development Agency for Southern Ontario,Agence fédérale de développement économique pour le Sud de lOntario,5,Grants and contributions,2021-22 Main Estimates,222082852
R1A,Federal Economic Development Agency for Southern Ontario,Agence fédérale de développement économique pour le Sud de lOntario,5,Grants and contributions,2021-22 Estimates To Date,222082852
R1A,Federal Economic Development Agency for Southern Ontario,Agence fédérale de développement économique pour le Sud de lOntario,5,Grants and contributions,2022-23 Main Estimates,655183426
R1A,Federal Economic Development Agency for Southern Ontario,Agence fédérale de développement économique pour le Sud de lOntario,S,Minister of State (Minister responsible for the Federal Economic Development Agency for Southern Ontario)  Motor car allowance,2020-21 Expenditures,0
R1A,Federal Economic Development Agency for Southern Ontario,Agence fédérale de développement économique pour le Sud de lOntario,S,Minister of State (Minister responsible for the Federal Economic Development Agency for Southern Ontario)  Motor car allowance,2021-22 Main Estimates,0
R1A,Federal Economic Development Agency for Southern Ontario,Agence fédérale de développement économique pour le Sud de lOntario,S,Minister of State (Minister responsible for the Federal Economic Development Agency for Southern Ontario)  Motor car allowance,2021-22 Estimates To Date,0
R1A,Federal Economic Development Agency for Southern Ontario,Agence fédérale de développement économique pour le Sud de lOntario,S,Minister of State (Minister responsible for the Federal Economic Development Agency for Southern Ontario)  Motor car allowance,2022-23 Main Estimates,2000
R1A,Federal Economic Development Agency for Southern Ontario,Agence fédérale de développement économique pour le Sud de lOntario,S,Payments to provide financing support to small and medium-sized businesses pursuant to the  Public Health Events of National Concern  Payments Act,2020-21 Expenditures,183872116
R1A,Federal Economic Development Agency for Southern Ontario,Agence fédérale de développement économique pour le Sud de lOntario,S,Payments to provide financing support to small and medium-sized businesses pursuant to the  Public Health Events of National Concern  Payments Act,2021-22 Main Estimates,0
R1A,Federal Economic Development Agency for Southern Ontario,Agence fédérale de développement économique pour le Sud de lOntario,S,Payments to provide financing support to small and medium-sized businesses pursuant to the  Public Health Events of National Concern  Payments Act,2021-22 Estimates To Date,0
R1A,Federal Economic Development Agency for Southern Ontario,Agence fédérale de développement économique pour le Sud de lOntario,S,Payments to provide financing support to small and medium-sized businesses pursuant to the  Public Health Events of National Concern  Payments Act,2022-23 Main Estimates,0
R1A,Federal Economic Development Agency for Southern Ontario,Agence fédérale de développement économique pour le Sud de lOntario,S,Payments for the Community Futures Network pursuant to the  Public Health Events of National Concern Payments Act,2020-21 Expenditures,53647737
R1A,Federal Economic Development Agency for Southern Ontario,Agence fédérale de développement économique pour le Sud de lOntario,S,Payments for the Community Futures Network pursuant to the  Public Health Events of National Concern Payments Act,2021-22 Main Estimates,0
R1A,Federal Economic Development Agency for Southern Ontario,Agence fédérale de développement économique pour le Sud de lOntario,S,Payments for the Community Futures Network pursuant to the  Public Health Events of National Concern Payments Act,2021-22 Estimates To Date,0
R1A,Federal Economic Development Agency for Southern Ontario,Agence fédérale de développement économique pour le Sud de lOntario,S,Payments for the Community Futures Network pursuant to the  Public Health Events of National Concern Payments Act,2022-23 Main Estimates,0
R1A,Federal Economic Development Agency for Southern Ontario,Agence fédérale de développement économique pour le Sud de lOntario,S,Contributions to employee benefit plans,2020-21 Expenditures,4100587
R1A,Federal Economic Development Agency for Southern Ontario,Agence fédérale de développement économique pour le Sud de lOntario,S,Contributions to employee benefit plans,2021-22 Main Estimates,3711383
R1A,Federal Economic Development Agency for Southern Ontario,Agence fédérale de développement économique pour le Sud de lOntario,S,Contributions to employee benefit plans,2021-22 Estimates To Date,3711383
R1A,Federal Economic Development Agency for Southern Ontario,Agence fédérale de développement économique pour le Sud de lOntario,S,Contributions to employee benefit plans,2022-23 Main Estimates,4719576
R1A,Financial Transactions and Reports Analysis Centre of Canada,Centre danalyse des opérations et déclarations financières du Canada,1,Program expenditures,2020-21 Expenditures,55832070
R1A,Financial Transactions and Reports Analysis Centre of Canada,Centre danalyse des opérations et déclarations financières du Canada,1,Program expenditures,2021-22 Main Estimates,77200637
R1A,Financial Transactions and Reports Analysis Centre of Canada,Centre danalyse des opérations et déclarations financières du Canada,1,Program expenditures,2021-22 Estimates To Date,77200637
R1A,Financial Transactions and Reports Analysis Centre of Canada,Centre danalyse des opérations et déclarations financières du Canada,1,Program expenditures,2022-23 Main Estimates,68293703
R1A,Financial Transactions and Reports Analysis Centre of Canada,Centre danalyse des opérations et déclarations financières du Canada,S,Contributions to employee benefit plans,2020-21 Expenditures,5878884
R1A,Financial Transactions and Reports Analysis Centre of Canada,Centre danalyse des opérations et déclarations financières du Canada,S,Contributions to employee benefit plans,2021-22 Main Estimates,6840476
R1A,Financial Transactions and Reports Analysis Centre of Canada,Centre danalyse des opérations et déclarations financières du Canada,S,Contributions to employee benefit plans,2021-22 Estimates To Date,6840476
R1A,Financial Transactions and Reports Analysis Centre of Canada,Centre danalyse des opérations et déclarations financières du Canada,S,Contributions to employee benefit plans,2022-23 Main Estimates,6693826
R1A,House of Commons,Chambre des communes,1,Program expenditures,2020-21 Expenditures,350016757
R1A,House of Commons,Chambre des communes,1,Program expenditures,2021-22 Main Estimates,383501862
R1A,House of Commons,Chambre des communes,1,Program expenditures,2021-22 Estimates To Date,383501862
R1A,House of Commons,Chambre des communes,1,Program expenditures,2022-23 Main Estimates,395255315
R1A,House of Commons,Chambre des communes,S,"Members of the House of Commons  Contributions to the Members of  Parliament Retiring Allowances account and the Members of Parliament Retirement Compensation Arrangements account, under the  Members of  Parliament Retiring Allowances Act",2020-21 Expenditures,0
R1A,House of Commons,Chambre des communes,S,"Members of the House of Commons  Contributions to the Members of  Parliament Retiring Allowances account and the Members of Parliament Retirement Compensation Arrangements account, under the  Members of  Parliament Retiring Allowances Act",2021-22 Main Estimates,0
R1A,House of Commons,Chambre des communes,S,"Members of the House of Commons  Contributions to the Members of  Parliament Retiring Allowances account and the Members of Parliament Retirement Compensation Arrangements account, under the  Members of  Parliament Retiring Allowances Act",2021-22 Estimates To Date,0
R1A,House of Commons,Chambre des communes,S,"Members of the House of Commons  Contributions to the Members of  Parliament Retiring Allowances account and the Members of Parliament Retirement Compensation Arrangements account, under the  Members of  Parliament Retiring Allowances Act",2022-23 Main Estimates,19800000
R1A,House of Commons,Chambre des communes,S,"Members of the House of Commons  Salaries and allowances of Officers and Members of the House of Commons, under the  Parliament of Canada  Act",2020-21 Expenditures,0
R1A,House of Commons,Chambre des communes,S,"Members of the House of Commons  Salaries and allowances of Officers and Members of the House of Commons, under the  Parliament of Canada  Act",2021-22 Main Estimates,0
R1A,House of Commons,Chambre des communes,S,"Members of the House of Commons  Salaries and allowances of Officers and Members of the House of Commons, under the  Parliament of Canada  Act",2021-22 Estimates To Date,0
R1A,House of Commons,Chambre des communes,S,"Members of the House of Commons  Salaries and allowances of Officers and Members of the House of Commons, under the  Parliament of Canada  Act",2022-23 Main Estimates,102222243
R1A,House of Commons,Chambre des communes,S,Members of the House of Commons  Salaries and allowances of Officers and Members of the House of Commons under the  Parliament of Canada Act  and contributions to the Members of Parliament Retiring Allowances Account and the Members of Parliament Retirement Compensation Arrangements Account,2020-21 Expenditures,219628461
R1A,House of Commons,Chambre des communes,S,Members of the House of Commons  Salaries and allowances of Officers and Members of the House of Commons under the  Parliament of Canada Act  and contributions to the Members of Parliament Retiring Allowances Account and the Members of Parliament Retirement Compensation Arrangements Account,2021-22 Main Estimates,116660893
R1A,House of Commons,Chambre des communes,S,Members of the House of Commons  Salaries and allowances of Officers and Members of the House of Commons under the  Parliament of Canada Act  and contributions to the Members of Parliament Retiring Allowances Account and the Members of Parliament Retirement Compensation Arrangements Account,2021-22 Estimates To Date,116660893
R1A,House of Commons,Chambre des communes,S,Members of the House of Commons  Salaries and allowances of Officers and Members of the House of Commons under the  Parliament of Canada Act  and contributions to the Members of Parliament Retiring Allowances Account and the Members of Parliament Retirement Compensation Arrangements Account,2022-23 Main Estimates,0
R1A,House of Commons,Chambre des communes,S,Contributions to employee benefit plans,2020-21 Expenditures,40465143
R1A,House of Commons,Chambre des communes,S,Contributions to employee benefit plans,2021-22 Main Estimates,43524434
R1A,House of Commons,Chambre des communes,S,Contributions to employee benefit plans,2021-22 Estimates To Date,43524434
R1A,House of Commons,Chambre des communes,S,Contributions to employee benefit plans,2022-23 Main Estimates,45696710
R1A,Immigration and Refugee Board,Commission de limmigration et du statut de réfugié,1,Program expenditures,2020-21 Expenditures,219871701
R1A,Immigration and Refugee Board,Commission de limmigration et du statut de réfugié,1,Program expenditures,2021-22 Main Estimates,255954529
R1A,Immigration and Refugee Board,Commission de limmigration et du statut de réfugié,1,Program expenditures,2021-22 Estimates To Date,255954529
R1A,Immigration and Refugee Board,Commission de limmigration et du statut de réfugié,1,Program expenditures,2022-23 Main Estimates,254883504
R1A,Immigration and Refugee Board,Commission de limmigration et du statut de réfugié,S,Other Statutory items listed in the Public Accounts of Canada,2020-21 Expenditures,243
R1A,Immigration and Refugee Board,Commission de limmigration et du statut de réfugié,S,Other Statutory items listed in the Public Accounts of Canada,2021-22 Main Estimates,0
R1A,Immigration and Refugee Board,Commission de limmigration et du statut de réfugié,S,Other Statutory items listed in the Public Accounts of Canada,2021-22 Estimates To Date,0
R1A,Immigration and Refugee Board,Commission de limmigration et du statut de réfugié,S,Other Statutory items listed in the Public Accounts of Canada,2022-23 Main Estimates,0
R1A,Immigration and Refugee Board,Commission de limmigration et du statut de réfugié,S,Contributions to employee benefit plans,2020-21 Expenditures,24887045
R1A,Immigration and Refugee Board,Commission de limmigration et du statut de réfugié,S,Contributions to employee benefit plans,2021-22 Main Estimates,26769523
R1A,Immigration and Refugee Board,Commission de limmigration et du statut de réfugié,S,Contributions to employee benefit plans,2021-22 Estimates To Date,26769523
R1A,Immigration and Refugee Board,Commission de limmigration et du statut de réfugié,S,Contributions to employee benefit plans,2022-23 Main Estimates,27594243
R1A,Impact Assessment Agency of Canada,Agence canadienne d'évaluation d'impact,1,Operating expenditures,2020-21 Expenditures,52204032
R1A,Impact Assessment Agency of Canada,Agence canadienne d'évaluation d'impact,1,Operating expenditures,2021-22 Main Estimates,50983558
R1A,Impact Assessment Agency of Canada,Agence canadienne d'évaluation d'impact,1,Operating expenditures,2021-22 Estimates To Date,50983558
R1A,Impact Assessment Agency of Canada,Agence canadienne d'évaluation d'impact,1,Operating expenditures,2022-23 Main Estimates,52587500
R1A,Impact Assessment Agency of Canada,Agence canadienne d'évaluation d'impact,5,Grants and contributions,2020-21 Expenditures,18438377
R1A,Impact Assessment Agency of Canada,Agence canadienne d'évaluation d'impact,5,Grants and contributions,2021-22 Main Estimates,22172274
R1A,Impact Assessment Agency of Canada,Agence canadienne d'évaluation d'impact,5,Grants and contributions,2021-22 Estimates To Date,22172274
R1A,Impact Assessment Agency of Canada,Agence canadienne d'évaluation d'impact,5,Grants and contributions,2022-23 Main Estimates,21453903
R1A,Impact Assessment Agency of Canada,Agence canadienne d'évaluation d'impact,S,Contributions to employee benefit plans,2020-21 Expenditures,6241080
R1A,Impact Assessment Agency of Canada,Agence canadienne d'évaluation d'impact,S,Contributions to employee benefit plans,2021-22 Main Estimates,5887105
R1A,Impact Assessment Agency of Canada,Agence canadienne d'évaluation d'impact,S,Contributions to employee benefit plans,2021-22 Estimates To Date,5887105
R1A,Impact Assessment Agency of Canada,Agence canadienne d'évaluation d'impact,S,Contributions to employee benefit plans,2022-23 Main Estimates,6028714
R1A,International Development Research Centre,Centre de recherches pour le développement international,1,Payments to the Centre,2020-21 Expenditures,145652683
R1A,International Development Research Centre,Centre de recherches pour le développement international,1,Payments to the Centre,2021-22 Main Estimates,148611325
R1A,International Development Research Centre,Centre de recherches pour le développement international,1,Payments to the Centre,2021-22 Estimates To Date,148611325
R1A,International Development Research Centre,Centre de recherches pour le développement international,1,Payments to the Centre,2022-23 Main Estimates,153701325
R1A,International Joint Commission (Canadian Section),Commission mixte internationale (section canadienne),1,Program expenditures,2020-21 Expenditures,8324413
R1A,International Joint Commission (Canadian Section),Commission mixte internationale (section canadienne),1,Program expenditures,2021-22 Main Estimates,9354218
R1A,International Joint Commission (Canadian Section),Commission mixte internationale (section canadienne),1,Program expenditures,2021-22 Estimates To Date,9354218
R1A,International Joint Commission (Canadian Section),Commission mixte internationale (section canadienne),1,Program expenditures,2022-23 Main Estimates,8243811
R1A,International Joint Commission (Canadian Section),Commission mixte internationale (section canadienne),S,Contributions to employee benefit plans,2020-21 Expenditures,650826
R1A,International Joint Commission (Canadian Section),Commission mixte internationale (section canadienne),S,Contributions to employee benefit plans,2021-22 Main Estimates,619141
R1A,International Joint Commission (Canadian Section),Commission mixte internationale (section canadienne),S,Contributions to employee benefit plans,2021-22 Estimates To Date,619141
R1A,International Joint Commission (Canadian Section),Commission mixte internationale (section canadienne),S,Contributions to employee benefit plans,2022-23 Main Estimates,597128
R1A,Invest in Canada Hub,Investir au Canada,1,Program Expenditures,2020-21 Expenditures,29622107
R1A,Invest in Canada Hub,Investir au Canada,1,Program Expenditures,2021-22 Main Estimates,34271556
R1A,Invest in Canada Hub,Investir au Canada,1,Program Expenditures,2021-22 Estimates To Date,34271556
R1A,Invest in Canada Hub,Investir au Canada,1,Program Expenditures,2022-23 Main Estimates,33611556
R1A,Leaders Debates Commission,Commission des débats des chefs,1,Program expenditures,2020-21 Expenditures,315520
R1A,Leaders Debates Commission,Commission des débats des chefs,1,Program expenditures,2021-22 Main Estimates,4695655
R1A,Leaders Debates Commission,Commission des débats des chefs,1,Program expenditures,2021-22 Estimates To Date,4695655
R1A,Leaders Debates Commission,Commission des débats des chefs,1,Program expenditures,2022-23 Main Estimates,421549
R1A,Leaders Debates Commission,Commission des débats des chefs,S,Contributions to employee benefit plans,2020-21 Expenditures,15228
R1A,Leaders Debates Commission,Commission des débats des chefs,S,Contributions to employee benefit plans,2021-22 Main Estimates,139370
R1A,Leaders Debates Commission,Commission des débats des chefs,S,Contributions to employee benefit plans,2021-22 Estimates To Date,139370
R1A,Leaders Debates Commission,Commission des débats des chefs,S,Contributions to employee benefit plans,2022-23 Main Estimates,32638
R1A,Library and Archives of Canada,Bibliothèque et Archives du Canada,1,Operating expenditures,2020-21 Expenditures,107453275
R1A,Library and Archives of Canada,Bibliothèque et Archives du Canada,1,Operating expenditures,2021-22 Main Estimates,100773897
R1A,Library and Archives of Canada,Bibliothèque et Archives du Canada,1,Operating expenditures,2021-22 Estimates To Date,100773897
R1A,Library and Archives of Canada,Bibliothèque et Archives du Canada,1,Operating expenditures,2022-23 Main Estimates,116664333
R1A,Library and Archives of Canada,Bibliothèque et Archives du Canada,5,Capital expenditures,2020-21 Expenditures,10450060
R1A,Library and Archives of Canada,Bibliothèque et Archives du Canada,5,Capital expenditures,2021-22 Main Estimates,30837471
R1A,Library and Archives of Canada,Bibliothèque et Archives du Canada,5,Capital expenditures,2021-22 Estimates To Date,30837471
R1A,Library and Archives of Canada,Bibliothèque et Archives du Canada,5,Capital expenditures,2022-23 Main Estimates,93384668
R1A,Library and Archives of Canada,Bibliothèque et Archives du Canada,S,Other Statutory items listed in the Public Accounts of Canada,2020-21 Expenditures,2852
R1A,Library and Archives of Canada,Bibliothèque et Archives du Canada,S,Other Statutory items listed in the Public Accounts of Canada,2021-22 Main Estimates,0
R1A,Library and Archives of Canada,Bibliothèque et Archives du Canada,S,Other Statutory items listed in the Public Accounts of Canada,2021-22 Estimates To Date,0
R1A,Library and Archives of Canada,Bibliothèque et Archives du Canada,S,Other Statutory items listed in the Public Accounts of Canada,2022-23 Main Estimates,0
R1A,Library and Archives of Canada,Bibliothèque et Archives du Canada,S,Contributions to employee benefit plans,2020-21 Expenditures,12473019
R1A,Library and Archives of Canada,Bibliothèque et Archives du Canada,S,Contributions to employee benefit plans,2021-22 Main Estimates,11750446
R1A,Library and Archives of Canada,Bibliothèque et Archives du Canada,S,Contributions to employee benefit plans,2021-22 Estimates To Date,11750446
R1A,Library and Archives of Canada,Bibliothèque et Archives du Canada,S,Contributions to employee benefit plans,2022-23 Main Estimates,12274023
R1A,Library of Parliament,Bibliothèque du Parlement,1,Program expenditures,2020-21 Expenditures,43407851
R1A,Library of Parliament,Bibliothèque du Parlement,1,Program expenditures,2021-22 Main Estimates,48660916
R1A,Library of Parliament,Bibliothèque du Parlement,1,Program expenditures,2021-22 Estimates To Date,48660916
R1A,Library of Parliament,Bibliothèque du Parlement,1,Program expenditures,2022-23 Main Estimates,49778944
R1A,Library of Parliament,Bibliothèque du Parlement,S,Contributions to employee benefit plans,2020-21 Expenditures,5067491
R1A,Library of Parliament,Bibliothèque du Parlement,S,Contributions to employee benefit plans,2021-22 Main Estimates,5785869
R1A,Library of Parliament,Bibliothèque du Parlement,S,Contributions to employee benefit plans,2021-22 Estimates To Date,5785869
R1A,Library of Parliament,Bibliothèque du Parlement,S,Contributions to employee benefit plans,2022-23 Main Estimates,6056095
R1A,Marine Atlantic Inc.,Marine Atlantique S.C.C.,1,Payments to the corporation,2020-21 Expenditures,140567000
R1A,Marine Atlantic Inc.,Marine Atlantique S.C.C.,1,Payments to the corporation,2021-22 Main Estimates,149875667
R1A,Marine Atlantic Inc.,Marine Atlantique S.C.C.,1,Payments to the corporation,2021-22 Estimates To Date,149875667
R1A,Marine Atlantic Inc.,Marine Atlantique S.C.C.,1,Payments to the corporation,2022-23 Main Estimates,40755438
R1A,Military Grievances External Review Committee,Comité externe dexamen des griefs militaires,1,Program expenditures,2020-21 Expenditures,6392704
R1A,Military Grievances External Review Committee,Comité externe dexamen des griefs militaires,1,Program expenditures,2021-22 Main Estimates,6358442
R1A,Military Grievances External Review Committee,Comité externe dexamen des griefs militaires,1,Program expenditures,2021-22 Estimates To Date,6358442
R1A,Military Grievances External Review Committee,Comité externe dexamen des griefs militaires,1,Program expenditures,2022-23 Main Estimates,6377030
R1A,Military Grievances External Review Committee,Comité externe dexamen des griefs militaires,S,Contributions to employee benefit plans,2020-21 Expenditures,802516
R1A,Military Grievances External Review Committee,Comité externe dexamen des griefs militaires,S,Contributions to employee benefit plans,2021-22 Main Estimates,626642
R1A,Military Grievances External Review Committee,Comité externe dexamen des griefs militaires,S,Contributions to employee benefit plans,2021-22 Estimates To Date,626642
R1A,Military Grievances External Review Committee,Comité externe dexamen des griefs militaires,S,Contributions to employee benefit plans,2022-23 Main Estimates,637362
R1A,Military Police Complaints Commission,Commission dexamen des plaintes concernant la police militaire,1,Program expenditures,2020-21 Expenditures,4479351
R1A,Military Police Complaints Commission,Commission dexamen des plaintes concernant la police militaire,1,Program expenditures,2021-22 Main Estimates,4416066
R1A,Military Police Complaints Commission,Commission dexamen des plaintes concernant la police militaire,1,Program expenditures,2021-22 Estimates To Date,4416066
R1A,Military Police Complaints Commission,Commission dexamen des plaintes concernant la police militaire,1,Program expenditures,2022-23 Main Estimates,4438872
R1A,Military Police Complaints Commission,Commission dexamen des plaintes concernant la police militaire,S,Contributions to employee benefit plans,2020-21 Expenditures,467324
R1A,Military Police Complaints Commission,Commission dexamen des plaintes concernant la police militaire,S,Contributions to employee benefit plans,2021-22 Main Estimates,436817
R1A,Military Police Complaints Commission,Commission dexamen des plaintes concernant la police militaire,S,Contributions to employee benefit plans,2021-22 Estimates To Date,436817
R1A,Military Police Complaints Commission,Commission dexamen des plaintes concernant la police militaire,S,Contributions to employee benefit plans,2022-23 Main Estimates,445803
R1A,National Arts Centre Corporation,Société du Centre national des Arts,1,Payments to the Corporation for operating expenditures,2020-21 Expenditures,41038129
R1A,National Arts Centre Corporation,Société du Centre national des Arts,1,Payments to the Corporation for operating expenditures,2021-22 Main Estimates,37854709
R1A,National Arts Centre Corporation,Société du Centre national des Arts,1,Payments to the Corporation for operating expenditures,2021-22 Estimates To Date,37854709
R1A,National Arts Centre Corporation,Société du Centre national des Arts,1,Payments to the Corporation for operating expenditures,2022-23 Main Estimates,44294459
R1A,National Arts Centre Corporation,Société du Centre national des Arts,S,Payments to the National Arts Centre pursuant to the  Public Health Events of National Concern Payments Act,2020-21 Expenditures,18200000
R1A,National Arts Centre Corporation,Société du Centre national des Arts,S,Payments to the National Arts Centre pursuant to the  Public Health Events of National Concern Payments Act,2021-22 Main Estimates,0
R1A,National Arts Centre Corporation,Société du Centre national des Arts,S,Payments to the National Arts Centre pursuant to the  Public Health Events of National Concern Payments Act,2021-22 Estimates To Date,0
R1A,National Arts Centre Corporation,Société du Centre national des Arts,S,Payments to the National Arts Centre pursuant to the  Public Health Events of National Concern Payments Act,2022-23 Main Estimates,0
R1A,National Capital Commission,Commission de la capitale nationale,1,Payments to the Commission for operating expenditures,2020-21 Expenditures,83394839
R1A,National Capital Commission,Commission de la capitale nationale,1,Payments to the Commission for operating expenditures,2021-22 Main Estimates,71036181
R1A,National Capital Commission,Commission de la capitale nationale,1,Payments to the Commission for operating expenditures,2021-22 Estimates To Date,71036181
R1A,National Capital Commission,Commission de la capitale nationale,1,Payments to the Commission for operating expenditures,2022-23 Main Estimates,75875420
R1A,National Capital Commission,Commission de la capitale nationale,5,Payments to the Commission for capital expenditures,2020-21 Expenditures,70318548
R1A,National Capital Commission,Commission de la capitale nationale,5,Payments to the Commission for capital expenditures,2021-22 Main Estimates,84945549
R1A,National Capital Commission,Commission de la capitale nationale,5,Payments to the Commission for capital expenditures,2021-22 Estimates To Date,84945549
R1A,National Capital Commission,Commission de la capitale nationale,5,Payments to the Commission for capital expenditures,2022-23 Main Estimates,78341049
R1A,National Film Board,Office national du film,1,Program expenditures,2020-21 Expenditures,71466546
R1A,National Film Board,Office national du film,1,Program expenditures,2021-22 Main Estimates,65581512
R1A,National Film Board,Office national du film,1,Program expenditures,2021-22 Estimates To Date,65581512
R1A,National Film Board,Office national du film,1,Program expenditures,2022-23 Main Estimates,65648446
R1A,National Film Board,Office national du film,S,National Film Board Revolving Fund ( Revolving Funds Act ),2020-21 Expenditures,283376
R1A,National Film Board,Office national du film,S,National Film Board Revolving Fund ( Revolving Funds Act ),2021-22 Main Estimates,0
R1A,National Film Board,Office national du film,S,National Film Board Revolving Fund ( Revolving Funds Act ),2021-22 Estimates To Date,0
R1A,National Film Board,Office national du film,S,National Film Board Revolving Fund ( Revolving Funds Act ),2022-23 Main Estimates,0
R1A,National Gallery of Canada,Musée des beaux-arts du Canada,1,Payments to the Gallery for operating and capital expenditures,2020-21 Expenditures,41681928
R1A,National Gallery of Canada,Musée des beaux-arts du Canada,1,Payments to the Gallery for operating and capital expenditures,2021-22 Main Estimates,37756671
R1A,National Gallery of Canada,Musée des beaux-arts du Canada,1,Payments to the Gallery for operating and capital expenditures,2021-22 Estimates To Date,37756671
R1A,National Gallery of Canada,Musée des beaux-arts du Canada,1,Payments to the Gallery for operating and capital expenditures,2022-23 Main Estimates,37756671
R1A,National Gallery of Canada,Musée des beaux-arts du Canada,5,Payment to the Gallery for the acquisition of objects for the collection and related costs,2020-21 Expenditures,8000000
R1A,National Gallery of Canada,Musée des beaux-arts du Canada,5,Payment to the Gallery for the acquisition of objects for the collection and related costs,2021-22 Main Estimates,8000000
R1A,National Gallery of Canada,Musée des beaux-arts du Canada,5,Payment to the Gallery for the acquisition of objects for the collection and related costs,2021-22 Estimates To Date,8000000
R1A,National Gallery of Canada,Musée des beaux-arts du Canada,5,Payment to the Gallery for the acquisition of objects for the collection and related costs,2022-23 Main Estimates,8000000
R1A,National Gallery of Canada,Musée des beaux-arts du Canada,S,Payments to support Canadas national museums pursuant to the  Public Health Events of National Concern Payments Act,2020-21 Expenditures,4808711
R1A,National Gallery of Canada,Musée des beaux-arts du Canada,S,Payments to support Canadas national museums pursuant to the  Public Health Events of National Concern Payments Act,2021-22 Main Estimates,0
R1A,National Gallery of Canada,Musée des beaux-arts du Canada,S,Payments to support Canadas national museums pursuant to the  Public Health Events of National Concern Payments Act,2021-22 Estimates To Date,0
R1A,National Gallery of Canada,Musée des beaux-arts du Canada,S,Payments to support Canadas national museums pursuant to the  Public Health Events of National Concern Payments Act,2022-23 Main Estimates,0
R1A,National Museum of Science and Technology,Musée national des sciences et de la technologie,1,Payments to the Museum for operating and capital expenditures,2020-21 Expenditures,33205991
R1A,National Museum of Science and Technology,Musée national des sciences et de la technologie,1,Payments to the Museum for operating and capital expenditures,2021-22 Main Estimates,28514196
R1A,National Museum of Science and Technology,Musée national des sciences et de la technologie,1,Payments to the Museum for operating and capital expenditures,2021-22 Estimates To Date,28514196
R1A,National Museum of Science and Technology,Musée national des sciences et de la technologie,1,Payments to the Museum for operating and capital expenditures,2022-23 Main Estimates,31514196
R1A,National Museum of Science and Technology,Musée national des sciences et de la technologie,S,Payments to support Canadas national museums  pursuant to the  Public Health Events of National Concern Payments Act,2020-21 Expenditures,5338974
R1A,National Museum of Science and Technology,Musée national des sciences et de la technologie,S,Payments to support Canadas national museums  pursuant to the  Public Health Events of National Concern Payments Act,2021-22 Main Estimates,0
R1A,National Museum of Science and Technology,Musée national des sciences et de la technologie,S,Payments to support Canadas national museums  pursuant to the  Public Health Events of National Concern Payments Act,2021-22 Estimates To Date,0
R1A,National Museum of Science and Technology,Musée national des sciences et de la technologie,S,Payments to support Canadas national museums  pursuant to the  Public Health Events of National Concern Payments Act,2022-23 Main Estimates,0
R1A,National Research Council of Canada,Conseil national de recherches du Canada,1,Operating expenditures,2020-21 Expenditures,494058198
R1A,National Research Council of Canada,Conseil national de recherches du Canada,1,Operating expenditures,2021-22 Main Estimates,493340197
R1A,National Research Council of Canada,Conseil national de recherches du Canada,1,Operating expenditures,2021-22 Estimates To Date,493340197
R1A,National Research Council of Canada,Conseil national de recherches du Canada,1,Operating expenditures,2022-23 Main Estimates,494507445
R1A,National Research Council of Canada,Conseil national de recherches du Canada,5,Capital expenditures,2020-21 Expenditures,103335651
R1A,National Research Council of Canada,Conseil national de recherches du Canada,5,Capital expenditures,2021-22 Main Estimates,50585000
R1A,National Research Council of Canada,Conseil national de recherches du Canada,5,Capital expenditures,2021-22 Estimates To Date,50585000
R1A,National Research Council of Canada,Conseil national de recherches du Canada,5,Capital expenditures,2022-23 Main Estimates,51085000
R1A,National Research Council of Canada,Conseil national de recherches du Canada,10,Grants and contributions,2020-21 Expenditures,572201082
R1A,National Research Council of Canada,Conseil national de recherches du Canada,10,Grants and contributions,2021-22 Main Estimates,540863673
R1A,National Research Council of Canada,Conseil national de recherches du Canada,10,Grants and contributions,2021-22 Estimates To Date,540863673
R1A,National Research Council of Canada,Conseil national de recherches du Canada,10,Grants and contributions,2022-23 Main Estimates,641080184
R1A,National Research Council of Canada,Conseil national de recherches du Canada,S,Payments for medical countermeasures pursuant to the  Public Health Events of National Concern Payments Act,2020-21 Expenditures,3341372
R1A,National Research Council of Canada,Conseil national de recherches du Canada,S,Payments for medical countermeasures pursuant to the  Public Health Events of National Concern Payments Act,2021-22 Main Estimates,0
R1A,National Research Council of Canada,Conseil national de recherches du Canada,S,Payments for medical countermeasures pursuant to the  Public Health Events of National Concern Payments Act,2021-22 Estimates To Date,0
R1A,National Research Council of Canada,Conseil national de recherches du Canada,S,Payments for medical countermeasures pursuant to the  Public Health Events of National Concern Payments Act,2022-23 Main Estimates,0
R1A,National Research Council of Canada,Conseil national de recherches du Canada,S,Contributions to employee benefit plans,2020-21 Expenditures,65976712
R1A,National Research Council of Canada,Conseil national de recherches du Canada,S,Contributions to employee benefit plans,2021-22 Main Estimates,65598177
R1A,National Research Council of Canada,Conseil national de recherches du Canada,S,Contributions to employee benefit plans,2021-22 Estimates To Date,65598177
R1A,National Research Council of Canada,Conseil national de recherches du Canada,S,Contributions to employee benefit plans,2022-23 Main Estimates,68715595
R1A,National Research Council of Canada,Conseil national de recherches du Canada,S,"Spending of revenues pursuant to paragraph 5(1)( e ) of the  National Research Council Act  (R.S.C., 1985, c. N-15)",2020-21 Expenditures,137483495
R1A,National Research Council of Canada,Conseil national de recherches du Canada,S,"Spending of revenues pursuant to paragraph 5(1)( e ) of the  National Research Council Act  (R.S.C., 1985, c. N-15)",2021-22 Main Estimates,182000000
R1A,National Research Council of Canada,Conseil national de recherches du Canada,S,"Spending of revenues pursuant to paragraph 5(1)( e ) of the  National Research Council Act  (R.S.C., 1985, c. N-15)",2021-22 Estimates To Date,182000000
R1A,National Research Council of Canada,Conseil national de recherches du Canada,S,"Spending of revenues pursuant to paragraph 5(1)( e ) of the  National Research Council Act  (R.S.C., 1985, c. N-15)",2022-23 Main Estimates,182000000
R1A,National Research Council of Canada,Conseil national de recherches du Canada,S,Other Statutory items listed in the Public Accounts of Canada,2020-21 Expenditures,566212
R1A,National Research Council of Canada,Conseil national de recherches du Canada,S,Other Statutory items listed in the Public Accounts of Canada,2021-22 Main Estimates,0
R1A,National Research Council of Canada,Conseil national de recherches du Canada,S,Other Statutory items listed in the Public Accounts of Canada,2021-22 Estimates To Date,0
R1A,National Research Council of Canada,Conseil national de recherches du Canada,S,Other Statutory items listed in the Public Accounts of Canada,2022-23 Main Estimates,0
R1A,National Research Council of Canada,Conseil national de recherches du Canada,S,Payments to increase bio-manufacturing capacity pursuant to the  Public Health Events of National Concern Payments Act,2020-21 Expenditures,7207198
R1A,National Research Council of Canada,Conseil national de recherches du Canada,S,Payments to increase bio-manufacturing capacity pursuant to the  Public Health Events of National Concern Payments Act,2021-22 Main Estimates,0
R1A,National Research Council of Canada,Conseil national de recherches du Canada,S,Payments to increase bio-manufacturing capacity pursuant to the  Public Health Events of National Concern Payments Act,2021-22 Estimates To Date,0
R1A,National Research Council of Canada,Conseil national de recherches du Canada,S,Payments to increase bio-manufacturing capacity pursuant to the  Public Health Events of National Concern Payments Act,2022-23 Main Estimates,0
R1A,National Research Council of Canada,Conseil national de recherches du Canada,S,Payments for the Industrial Research Assistance Program pursuant to the  Public Health Events of National Concern Payments Act,2020-21 Expenditures,255485393
R1A,National Research Council of Canada,Conseil national de recherches du Canada,S,Payments for the Industrial Research Assistance Program pursuant to the  Public Health Events of National Concern Payments Act,2021-22 Main Estimates,0
R1A,National Research Council of Canada,Conseil national de recherches du Canada,S,Payments for the Industrial Research Assistance Program pursuant to the  Public Health Events of National Concern Payments Act,2021-22 Estimates To Date,0
R1A,National Research Council of Canada,Conseil national de recherches du Canada,S,Payments for the Industrial Research Assistance Program pursuant to the  Public Health Events of National Concern Payments Act,2022-23 Main Estimates,0
R1A,National Research Council of Canada,Conseil national de recherches du Canada,S,Payments to support students and youth impacted by COVID-19 pursuant to the  Public Health Events of National Concern Payments Act,2020-21 Expenditures,9000000
R1A,National Research Council of Canada,Conseil national de recherches du Canada,S,Payments to support students and youth impacted by COVID-19 pursuant to the  Public Health Events of National Concern Payments Act,2021-22 Main Estimates,0
R1A,National Research Council of Canada,Conseil national de recherches du Canada,S,Payments to support students and youth impacted by COVID-19 pursuant to the  Public Health Events of National Concern Payments Act,2021-22 Estimates To Date,0
R1A,National Research Council of Canada,Conseil national de recherches du Canada,S,Payments to support students and youth impacted by COVID-19 pursuant to the  Public Health Events of National Concern Payments Act,2022-23 Main Estimates,0
R1A,National Security and Intelligence Review Agency Secretariat,Secrétariat de lOffice de surveillance des activités en matière de sécurité nationale et de renseignement,1,Program expenditures,2020-21 Expenditures,11289189
R1A,National Security and Intelligence Review Agency Secretariat,Secrétariat de lOffice de surveillance des activités en matière de sécurité nationale et de renseignement,1,Program expenditures,2021-22 Main Estimates,28490287
R1A,National Security and Intelligence Review Agency Secretariat,Secrétariat de lOffice de surveillance des activités en matière de sécurité nationale et de renseignement,1,Program expenditures,2021-22 Estimates To Date,28490287
R1A,National Security and Intelligence Review Agency Secretariat,Secrétariat de lOffice de surveillance des activités en matière de sécurité nationale et de renseignement,1,Program expenditures,2022-23 Main Estimates,26523008
R1A,National Security and Intelligence Review Agency Secretariat,Secrétariat de lOffice de surveillance des activités en matière de sécurité nationale et de renseignement,S,Contributions to employee benefit plans,2020-21 Expenditures,962186
R1A,National Security and Intelligence Review Agency Secretariat,Secrétariat de lOffice de surveillance des activités en matière de sécurité nationale et de renseignement,S,Contributions to employee benefit plans,2021-22 Main Estimates,1704632
R1A,National Security and Intelligence Review Agency Secretariat,Secrétariat de lOffice de surveillance des activités en matière de sécurité nationale et de renseignement,S,Contributions to employee benefit plans,2021-22 Estimates To Date,1704632
R1A,National Security and Intelligence Review Agency Secretariat,Secrétariat de lOffice de surveillance des activités en matière de sécurité nationale et de renseignement,S,Contributions to employee benefit plans,2022-23 Main Estimates,1727668
R1A,Natural Sciences and Engineering Research Council,Conseil de recherches en sciences naturelles et en génie,1,Operating expenditures,2020-21 Expenditures,55332505
R1A,Natural Sciences and Engineering Research Council,Conseil de recherches en sciences naturelles et en génie,1,Operating expenditures,2021-22 Main Estimates,52827530
R1A,Natural Sciences and Engineering Research Council,Conseil de recherches en sciences naturelles et en génie,1,Operating expenditures,2021-22 Estimates To Date,52827530
R1A,Natural Sciences and Engineering Research Council,Conseil de recherches en sciences naturelles et en génie,1,Operating expenditures,2022-23 Main Estimates,54351176
R1A,Natural Sciences and Engineering Research Council,Conseil de recherches en sciences naturelles et en génie,5,Grants,2020-21 Expenditures,1311770862
R1A,Natural Sciences and Engineering Research Council,Conseil de recherches en sciences naturelles et en génie,5,Grants,2021-22 Main Estimates,1321627413
R1A,Natural Sciences and Engineering Research Council,Conseil de recherches en sciences naturelles et en génie,5,Grants,2021-22 Estimates To Date,1321627413
R1A,Natural Sciences and Engineering Research Council,Conseil de recherches en sciences naturelles et en génie,5,Grants,2022-23 Main Estimates,1295368765
R1A,Natural Sciences and Engineering Research Council,Conseil de recherches en sciences naturelles et en génie,S,Payments to support students and youth impacted by COVID-19 pursuant to the  Public Health Events of National Concern Payments Act,2020-21 Expenditures,114857813
R1A,Natural Sciences and Engineering Research Council,Conseil de recherches en sciences naturelles et en génie,S,Payments to support students and youth impacted by COVID-19 pursuant to the  Public Health Events of National Concern Payments Act,2021-22 Main Estimates,0
R1A,Natural Sciences and Engineering Research Council,Conseil de recherches en sciences naturelles et en génie,S,Payments to support students and youth impacted by COVID-19 pursuant to the  Public Health Events of National Concern Payments Act,2021-22 Estimates To Date,0
R1A,Natural Sciences and Engineering Research Council,Conseil de recherches en sciences naturelles et en génie,S,Payments to support students and youth impacted by COVID-19 pursuant to the  Public Health Events of National Concern Payments Act,2022-23 Main Estimates,0
R1A,Natural Sciences and Engineering Research Council,Conseil de recherches en sciences naturelles et en génie,S,Spending of revenues pursuant to subsection 4(2) of the  Natural Sciences and Engineering Research Council Act,2020-21 Expenditures,129927
R1A,Natural Sciences and Engineering Research Council,Conseil de recherches en sciences naturelles et en génie,S,Spending of revenues pursuant to subsection 4(2) of the  Natural Sciences and Engineering Research Council Act,2021-22 Main Estimates,178779
R1A,Natural Sciences and Engineering Research Council,Conseil de recherches en sciences naturelles et en génie,S,Spending of revenues pursuant to subsection 4(2) of the  Natural Sciences and Engineering Research Council Act,2021-22 Estimates To Date,178779
R1A,Natural Sciences and Engineering Research Council,Conseil de recherches en sciences naturelles et en génie,S,Spending of revenues pursuant to subsection 4(2) of the  Natural Sciences and Engineering Research Council Act,2022-23 Main Estimates,203223
R1A,Natural Sciences and Engineering Research Council,Conseil de recherches en sciences naturelles et en génie,S,Contributions to employee benefit plans,2020-21 Expenditures,6384147
R1A,Natural Sciences and Engineering Research Council,Conseil de recherches en sciences naturelles et en génie,S,Contributions to employee benefit plans,2021-22 Main Estimates,5677646
R1A,Natural Sciences and Engineering Research Council,Conseil de recherches en sciences naturelles et en génie,S,Contributions to employee benefit plans,2021-22 Estimates To Date,5677646
R1A,Natural Sciences and Engineering Research Council,Conseil de recherches en sciences naturelles et en génie,S,Contributions to employee benefit plans,2022-23 Main Estimates,6154213
R1A,Northern Pipeline Agency,Administration du pipe-line du Nord,1,Program expenditures,2020-21 Expenditures,228027
R1A,Northern Pipeline Agency,Administration du pipe-line du Nord,1,Program expenditures,2021-22 Main Estimates,540000
R1A,Northern Pipeline Agency,Administration du pipe-line du Nord,1,Program expenditures,2021-22 Estimates To Date,540000
R1A,Northern Pipeline Agency,Administration du pipe-line du Nord,1,Program expenditures,2022-23 Main Estimates,540000
R1A,Northern Pipeline Agency,Administration du pipe-line du Nord,S,Contributions to employee benefit plans,2020-21 Expenditures,8142
R1A,Northern Pipeline Agency,Administration du pipe-line du Nord,S,Contributions to employee benefit plans,2021-22 Main Estimates,31820
R1A,Northern Pipeline Agency,Administration du pipe-line du Nord,S,Contributions to employee benefit plans,2021-22 Estimates To Date,31820
R1A,Northern Pipeline Agency,Administration du pipe-line du Nord,S,Contributions to employee benefit plans,2022-23 Main Estimates,32250
R1A,Office of Infrastructure of Canada,Bureau de linfrastructure du Canada,1,Operating expenditures,2020-21 Expenditures,158734609
R1A,Office of Infrastructure of Canada,Bureau de linfrastructure du Canada,1,Operating expenditures,2021-22 Main Estimates,156413071
R1A,Office of Infrastructure of Canada,Bureau de linfrastructure du Canada,1,Operating expenditures,2021-22 Estimates To Date,156413071
R1A,Office of Infrastructure of Canada,Bureau de linfrastructure du Canada,1,Operating expenditures,2022-23 Main Estimates,242734990
R1A,Office of Infrastructure of Canada,Bureau de linfrastructure du Canada,5,Capital expenditures,2020-21 Expenditures,22813640
R1A,Office of Infrastructure of Canada,Bureau de linfrastructure du Canada,5,Capital expenditures,2021-22 Main Estimates,66232666
R1A,Office of Infrastructure of Canada,Bureau de linfrastructure du Canada,5,Capital expenditures,2021-22 Estimates To Date,66232666
R1A,Office of Infrastructure of Canada,Bureau de linfrastructure du Canada,5,Capital expenditures,2022-23 Main Estimates,13804540
R1A,Office of Infrastructure of Canada,Bureau de linfrastructure du Canada,10,Grants and contributions,2020-21 Expenditures,3130132366
R1A,Office of Infrastructure of Canada,Bureau de linfrastructure du Canada,10,Grants and contributions,2021-22 Main Estimates,4338537607
R1A,Office of Infrastructure of Canada,Bureau de linfrastructure du Canada,10,Grants and contributions,2021-22 Estimates To Date,4338537607
R1A,Office of Infrastructure of Canada,Bureau de linfrastructure du Canada,10,Grants and contributions,2022-23 Main Estimates,6805353663
R1A,Office of Infrastructure of Canada,Bureau de linfrastructure du Canada,S,Minister of Housing and Diversity and Inclusion  Salary and motor car allowance ( Salaries Act and Parliament of Canada Act ),2020-21 Expenditures,0
R1A,Office of Infrastructure of Canada,Bureau de linfrastructure du Canada,S,Minister of Housing and Diversity and Inclusion  Salary and motor car allowance ( Salaries Act and Parliament of Canada Act ),2021-22 Main Estimates,0
R1A,Office of Infrastructure of Canada,Bureau de linfrastructure du Canada,S,Minister of Housing and Diversity and Inclusion  Salary and motor car allowance ( Salaries Act and Parliament of Canada Act ),2021-22 Estimates To Date,0
R1A,Office of Infrastructure of Canada,Bureau de linfrastructure du Canada,S,Minister of Housing and Diversity and Inclusion  Salary and motor car allowance ( Salaries Act and Parliament of Canada Act ),2022-23 Main Estimates,92500
R1A,Office of Infrastructure of Canada,Bureau de linfrastructure du Canada,S,Contributions related to the Canada Community-Building Fund ( Keeping Canadas Economy and Jobs Growing Act ),2020-21 Expenditures,2170315887
R1A,Office of Infrastructure of Canada,Bureau de linfrastructure du Canada,S,Contributions related to the Canada Community-Building Fund ( Keeping Canadas Economy and Jobs Growing Act ),2021-22 Main Estimates,2268966610
R1A,Office of Infrastructure of Canada,Bureau de linfrastructure du Canada,S,Contributions related to the Canada Community-Building Fund ( Keeping Canadas Economy and Jobs Growing Act ),2021-22 Estimates To Date,2268966610
R1A,Office of Infrastructure of Canada,Bureau de linfrastructure du Canada,S,Contributions related to the Canada Community-Building Fund ( Keeping Canadas Economy and Jobs Growing Act ),2022-23 Main Estimates,2268966610
R1A,Office of Infrastructure of Canada,Bureau de linfrastructure du Canada,S,Minister of Infrastructure and Communities  Salary and motor car allowance ( Salaries Act  and  Parliament of Canada Act ),2020-21 Expenditures,89200
R1A,Office of Infrastructure of Canada,Bureau de linfrastructure du Canada,S,Minister of Infrastructure and Communities  Salary and motor car allowance ( Salaries Act  and  Parliament of Canada Act ),2021-22 Main Estimates,90500
R1A,Office of Infrastructure of Canada,Bureau de linfrastructure du Canada,S,Minister of Infrastructure and Communities  Salary and motor car allowance ( Salaries Act  and  Parliament of Canada Act ),2021-22 Estimates To Date,90500
R1A,Office of Infrastructure of Canada,Bureau de linfrastructure du Canada,S,Minister of Infrastructure and Communities  Salary and motor car allowance ( Salaries Act  and  Parliament of Canada Act ),2022-23 Main Estimates,92500
R1A,Office of Infrastructure of Canada,Bureau de linfrastructure du Canada,S,Contributions to employee benefit plans,2020-21 Expenditures,10302190
R1A,Office of Infrastructure of Canada,Bureau de linfrastructure du Canada,S,Contributions to employee benefit plans,2021-22 Main Estimates,10572952
R1A,Office of Infrastructure of Canada,Bureau de linfrastructure du Canada,S,Contributions to employee benefit plans,2021-22 Estimates To Date,10572952
R1A,Office of Infrastructure of Canada,Bureau de linfrastructure du Canada,S,Contributions to employee benefit plans,2022-23 Main Estimates,18828909
R1A,Office of the Auditor General,Bureau du vérificateur général,1,Program expenditures,2020-21 Expenditures,89618623
R1A,Office of the Auditor General,Bureau du vérificateur général,1,Program expenditures,2021-22 Main Estimates,104833863
R1A,Office of the Auditor General,Bureau du vérificateur général,1,Program expenditures,2021-22 Estimates To Date,104833863
R1A,Office of the Auditor General,Bureau du vérificateur général,1,Program expenditures,2022-23 Main Estimates,107012784
R1A,Office of the Auditor General,Bureau du vérificateur général,S,Contributions to employee benefit plans,2020-21 Expenditures,10509041
R1A,Office of the Auditor General,Bureau du vérificateur général,S,Contributions to employee benefit plans,2021-22 Main Estimates,12522852
R1A,Office of the Auditor General,Bureau du vérificateur général,S,Contributions to employee benefit plans,2021-22 Estimates To Date,12522852
R1A,Office of the Auditor General,Bureau du vérificateur général,S,Contributions to employee benefit plans,2022-23 Main Estimates,12868918
R1A,Office of the Auditor General,Bureau du vérificateur général,S,Other Statutory items listed in the Public Accounts of Canada,2020-21 Expenditures,1041
R1A,Office of the Auditor General,Bureau du vérificateur général,S,Other Statutory items listed in the Public Accounts of Canada,2021-22 Main Estimates,0
R1A,Office of the Auditor General,Bureau du vérificateur général,S,Other Statutory items listed in the Public Accounts of Canada,2021-22 Estimates To Date,0
R1A,Office of the Auditor General,Bureau du vérificateur général,S,Other Statutory items listed in the Public Accounts of Canada,2022-23 Main Estimates,0
R1A,Office of the Chief Electoral Officer,Bureau du directeur général des élections,1,Program expenditures,2020-21 Expenditures,51533545
R1A,Office of the Chief Electoral Officer,Bureau du directeur général des élections,1,Program expenditures,2021-22 Main Estimates,48941118
R1A,Office of the Chief Electoral Officer,Bureau du directeur général des élections,1,Program expenditures,2021-22 Estimates To Date,48941118
R1A,Office of the Chief Electoral Officer,Bureau du directeur général des élections,1,Program expenditures,2022-23 Main Estimates,49335030
R1A,Office of the Chief Electoral Officer,Bureau du directeur général des élections,S,Contributions to employee benefit plans,2020-21 Expenditures,12541187
R1A,Office of the Chief Electoral Officer,Bureau du directeur général des élections,S,Contributions to employee benefit plans,2021-22 Main Estimates,11921176
R1A,Office of the Chief Electoral Officer,Bureau du directeur général des élections,S,Contributions to employee benefit plans,2021-22 Estimates To Date,11921176
R1A,Office of the Chief Electoral Officer,Bureau du directeur général des élections,S,Contributions to employee benefit plans,2022-23 Main Estimates,13592033
R1A,Office of the Chief Electoral Officer,Bureau du directeur général des élections,S,Electoral expenditures ( Canada Elections Act  and the  Referendum Act ),2020-21 Expenditures,144113278
R1A,Office of the Chief Electoral Officer,Bureau du directeur général des élections,S,Electoral expenditures ( Canada Elections Act  and the  Referendum Act ),2021-22 Main Estimates,109150110
R1A,Office of the Chief Electoral Officer,Bureau du directeur général des élections,S,Electoral expenditures ( Canada Elections Act  and the  Referendum Act ),2021-22 Estimates To Date,109150110
R1A,Office of the Chief Electoral Officer,Bureau du directeur général des élections,S,Electoral expenditures ( Canada Elections Act  and the  Referendum Act ),2022-23 Main Estimates,133675262
R1A,Office of the Chief Electoral Officer,Bureau du directeur général des élections,S,Salary of the Chief Electoral Officer ( Canada Elections Act ),2020-21 Expenditures,338956
R1A,Office of the Chief Electoral Officer,Bureau du directeur général des élections,S,Salary of the Chief Electoral Officer ( Canada Elections Act ),2021-22 Main Estimates,338800
R1A,Office of the Chief Electoral Officer,Bureau du directeur général des élections,S,Salary of the Chief Electoral Officer ( Canada Elections Act ),2021-22 Estimates To Date,338800
R1A,Office of the Chief Electoral Officer,Bureau du directeur général des élections,S,Salary of the Chief Electoral Officer ( Canada Elections Act ),2022-23 Main Estimates,361100
R1A,Office of the Chief Electoral Officer,Bureau du directeur général des élections,S,Expenditures under the  Electoral Boundaries Readjustment Act,2020-21 Expenditures,303195
R1A,Office of the Chief Electoral Officer,Bureau du directeur général des élections,S,Expenditures under the  Electoral Boundaries Readjustment Act,2021-22 Main Estimates,2515000
R1A,Office of the Chief Electoral Officer,Bureau du directeur général des élections,S,Expenditures under the  Electoral Boundaries Readjustment Act,2021-22 Estimates To Date,2515000
R1A,Office of the Chief Electoral Officer,Bureau du directeur général des élections,S,Expenditures under the  Electoral Boundaries Readjustment Act,2022-23 Main Estimates,6546500
R1A,Office of the Commissioner for Federal Judicial Affairs,Bureau du commissaire à la magistrature fédérale,1,Office of the Commissioner for Federal Judicial Affairs  Operating expenditures,2020-21 Expenditures,10122935
R1A,Office of the Commissioner for Federal Judicial Affairs,Bureau du commissaire à la magistrature fédérale,1,Office of the Commissioner for Federal Judicial Affairs  Operating expenditures,2021-22 Main Estimates,10302302
R1A,Office of the Commissioner for Federal Judicial Affairs,Bureau du commissaire à la magistrature fédérale,1,Office of the Commissioner for Federal Judicial Affairs  Operating expenditures,2021-22 Estimates To Date,10302302
R1A,Office of the Commissioner for Federal Judicial Affairs,Bureau du commissaire à la magistrature fédérale,1,Office of the Commissioner for Federal Judicial Affairs  Operating expenditures,2022-23 Main Estimates,11384358
R1A,Office of the Commissioner for Federal Judicial Affairs,Bureau du commissaire à la magistrature fédérale,5,Canadian Judicial Council  Operating expenditures,2020-21 Expenditures,2563557
R1A,Office of the Commissioner for Federal Judicial Affairs,Bureau du commissaire à la magistrature fédérale,5,Canadian Judicial Council  Operating expenditures,2021-22 Main Estimates,2111709
R1A,Office of the Commissioner for Federal Judicial Affairs,Bureau du commissaire à la magistrature fédérale,5,Canadian Judicial Council  Operating expenditures,2021-22 Estimates To Date,2111709
R1A,Office of the Commissioner for Federal Judicial Affairs,Bureau du commissaire à la magistrature fédérale,5,Canadian Judicial Council  Operating expenditures,2022-23 Main Estimates,4617449
R1A,Office of the Commissioner for Federal Judicial Affairs,Bureau du commissaire à la magistrature fédérale,S,"Judges' salaries, allowances and annuities, annuities to spouses and children of judges and lump sum payments to spouses of judges who die while in office (R.S.C., 1985,  c. J-1)",2020-21 Expenditures,613473724
R1A,Office of the Commissioner for Federal Judicial Affairs,Bureau du commissaire à la magistrature fédérale,S,"Judges' salaries, allowances and annuities, annuities to spouses and children of judges and lump sum payments to spouses of judges who die while in office (R.S.C., 1985,  c. J-1)",2021-22 Main Estimates,669442081
R1A,Office of the Commissioner for Federal Judicial Affairs,Bureau du commissaire à la magistrature fédérale,S,"Judges' salaries, allowances and annuities, annuities to spouses and children of judges and lump sum payments to spouses of judges who die while in office (R.S.C., 1985,  c. J-1)",2021-22 Estimates To Date,669442081
R1A,Office of the Commissioner for Federal Judicial Affairs,Bureau du commissaire à la magistrature fédérale,S,"Judges' salaries, allowances and annuities, annuities to spouses and children of judges and lump sum payments to spouses of judges who die while in office (R.S.C., 1985,  c. J-1)",2022-23 Main Estimates,694015808
R1A,Office of the Commissioner for Federal Judicial Affairs,Bureau du commissaire à la magistrature fédérale,S,Contributions to employee benefit plans,2020-21 Expenditures,956416
R1A,Office of the Commissioner for Federal Judicial Affairs,Bureau du commissaire à la magistrature fédérale,S,Contributions to employee benefit plans,2021-22 Main Estimates,1014638
R1A,Office of the Commissioner for Federal Judicial Affairs,Bureau du commissaire à la magistrature fédérale,S,Contributions to employee benefit plans,2021-22 Estimates To Date,1014638
R1A,Office of the Commissioner for Federal Judicial Affairs,Bureau du commissaire à la magistrature fédérale,S,Contributions to employee benefit plans,2022-23 Main Estimates,1037100
R1A,Office of the Commissioner of Lobbying,Commissariat au lobbying,1,Program expenditures,2020-21 Expenditures,4431312
R1A,Office of the Commissioner of Lobbying,Commissariat au lobbying,1,Program expenditures,2021-22 Main Estimates,4188106
R1A,Office of the Commissioner of Lobbying,Commissariat au lobbying,1,Program expenditures,2021-22 Estimates To Date,4188106
R1A,Office of the Commissioner of Lobbying,Commissariat au lobbying,1,Program expenditures,2022-23 Main Estimates,4767252
R1A,Office of the Commissioner of Lobbying,Commissariat au lobbying,S,Contributions to employee benefit plans,2020-21 Expenditures,457066
R1A,Office of the Commissioner of Lobbying,Commissariat au lobbying,S,Contributions to employee benefit plans,2021-22 Main Estimates,434840
R1A,Office of the Commissioner of Lobbying,Commissariat au lobbying,S,Contributions to employee benefit plans,2021-22 Estimates To Date,434840
R1A,Office of the Commissioner of Lobbying,Commissariat au lobbying,S,Contributions to employee benefit plans,2022-23 Main Estimates,521944
R1A,Office of the Commissioner of Official Languages,Commissariat aux langues officielles,1,Program expenditures,2020-21 Expenditures,20152445
R1A,Office of the Commissioner of Official Languages,Commissariat aux langues officielles,1,Program expenditures,2021-22 Main Estimates,19897763
R1A,Office of the Commissioner of Official Languages,Commissariat aux langues officielles,1,Program expenditures,2021-22 Estimates To Date,19897763
R1A,Office of the Commissioner of Official Languages,Commissariat aux langues officielles,1,Program expenditures,2022-23 Main Estimates,19904554
R1A,Office of the Commissioner of Official Languages,Commissariat aux langues officielles,S,Contributions to employee benefit plans,2020-21 Expenditures,2510639
R1A,Office of the Commissioner of Official Languages,Commissariat aux langues officielles,S,Contributions to employee benefit plans,2021-22 Main Estimates,2308469
R1A,Office of the Commissioner of Official Languages,Commissariat aux langues officielles,S,Contributions to employee benefit plans,2021-22 Estimates To Date,2308469
R1A,Office of the Commissioner of Official Languages,Commissariat aux langues officielles,S,Contributions to employee benefit plans,2022-23 Main Estimates,2334957
R1A,Office of the Conflict of Interest and Ethics Commissioner,Bureau du commissaire aux conflits dintérêts et à léthique,1,Program expenditures,2020-21 Expenditures,6305443
R1A,Office of the Conflict of Interest and Ethics Commissioner,Bureau du commissaire aux conflits dintérêts et à léthique,1,Program expenditures,2021-22 Main Estimates,6852883
R1A,Office of the Conflict of Interest and Ethics Commissioner,Bureau du commissaire aux conflits dintérêts et à léthique,1,Program expenditures,2021-22 Estimates To Date,6852883
R1A,Office of the Conflict of Interest and Ethics Commissioner,Bureau du commissaire aux conflits dintérêts et à léthique,1,Program expenditures,2022-23 Main Estimates,7276995
R1A,Office of the Conflict of Interest and Ethics Commissioner,Bureau du commissaire aux conflits dintérêts et à léthique,S,Contributions to employee benefit plans,2020-21 Expenditures,755637
R1A,Office of the Conflict of Interest and Ethics Commissioner,Bureau du commissaire aux conflits dintérêts et à léthique,S,Contributions to employee benefit plans,2021-22 Main Estimates,817227
R1A,Office of the Conflict of Interest and Ethics Commissioner,Bureau du commissaire aux conflits dintérêts et à léthique,S,Contributions to employee benefit plans,2021-22 Estimates To Date,817227
R1A,Office of the Conflict of Interest and Ethics Commissioner,Bureau du commissaire aux conflits dintérêts et à léthique,S,Contributions to employee benefit plans,2022-23 Main Estimates,866044
R1A,Office of the Correctional Investigator of Canada,Bureau de lenquêteur correctionnel du Canada,1,Program expenditures,2020-21 Expenditures,5170316
R1A,Office of the Correctional Investigator of Canada,Bureau de lenquêteur correctionnel du Canada,1,Program expenditures,2021-22 Main Estimates,4879527
R1A,Office of the Correctional Investigator of Canada,Bureau de lenquêteur correctionnel du Canada,1,Program expenditures,2021-22 Estimates To Date,4879527
R1A,Office of the Correctional Investigator of Canada,Bureau de lenquêteur correctionnel du Canada,1,Program expenditures,2022-23 Main Estimates,4880918
R1A,Office of the Correctional Investigator of Canada,Bureau de lenquêteur correctionnel du Canada,S,Contributions to employee benefit plans,2020-21 Expenditures,657160
R1A,Office of the Correctional Investigator of Canada,Bureau de lenquêteur correctionnel du Canada,S,Contributions to employee benefit plans,2021-22 Main Estimates,589193
R1A,Office of the Correctional Investigator of Canada,Bureau de lenquêteur correctionnel du Canada,S,Contributions to employee benefit plans,2021-22 Estimates To Date,589193
R1A,Office of the Correctional Investigator of Canada,Bureau de lenquêteur correctionnel du Canada,S,Contributions to employee benefit plans,2022-23 Main Estimates,597364
R1A,Office of the Director of Public Prosecutions,Bureau du directeur des poursuites pénales,1,Program expenditures,2020-21 Expenditures,173519503
R1A,Office of the Director of Public Prosecutions,Bureau du directeur des poursuites pénales,1,Program expenditures,2021-22 Main Estimates,183742895
R1A,Office of the Director of Public Prosecutions,Bureau du directeur des poursuites pénales,1,Program expenditures,2021-22 Estimates To Date,183742895
R1A,Office of the Director of Public Prosecutions,Bureau du directeur des poursuites pénales,1,Program expenditures,2022-23 Main Estimates,191959680
R1A,Office of the Director of Public Prosecutions,Bureau du directeur des poursuites pénales,S,Contributions to employee benefit plans,2020-21 Expenditures,18953002
R1A,Office of the Director of Public Prosecutions,Bureau du directeur des poursuites pénales,S,Contributions to employee benefit plans,2021-22 Main Estimates,19588132
R1A,Office of the Director of Public Prosecutions,Bureau du directeur des poursuites pénales,S,Contributions to employee benefit plans,2021-22 Estimates To Date,19588132
R1A,Office of the Director of Public Prosecutions,Bureau du directeur des poursuites pénales,S,Contributions to employee benefit plans,2022-23 Main Estimates,20418098
R1A,Office of the Governor Generals Secretary,Bureau du secrétaire du gouverneur général,1,Program expenditures,2020-21 Expenditures,21298630
R1A,Office of the Governor Generals Secretary,Bureau du secrétaire du gouverneur général,1,Program expenditures,2021-22 Main Estimates,20427563
R1A,Office of the Governor Generals Secretary,Bureau du secrétaire du gouverneur général,1,Program expenditures,2021-22 Estimates To Date,20427563
R1A,Office of the Governor Generals Secretary,Bureau du secrétaire du gouverneur général,1,Program expenditures,2022-23 Main Estimates,20510231
R1A,Office of the Governor Generals Secretary,Bureau du secrétaire du gouverneur général,S,"Annuities payable under the  Governor General's Act  (R.S.C., 1985 c . G-9)",2020-21 Expenditures,789703
R1A,Office of the Governor Generals Secretary,Bureau du secrétaire du gouverneur général,S,"Annuities payable under the  Governor General's Act  (R.S.C., 1985 c . G-9)",2021-22 Main Estimates,770909
R1A,Office of the Governor Generals Secretary,Bureau du secrétaire du gouverneur général,S,"Annuities payable under the  Governor General's Act  (R.S.C., 1985 c . G-9)",2021-22 Estimates To Date,770909
R1A,Office of the Governor Generals Secretary,Bureau du secrétaire du gouverneur général,S,"Annuities payable under the  Governor General's Act  (R.S.C., 1985 c . G-9)",2022-23 Main Estimates,934389
R1A,Office of the Governor Generals Secretary,Bureau du secrétaire du gouverneur général,S,"Salary of the Governor General (R.S.C., 1985 c. G-9)",2020-21 Expenditures,252015
R1A,Office of the Governor Generals Secretary,Bureau du secrétaire du gouverneur général,S,"Salary of the Governor General (R.S.C., 1985 c. G-9)",2021-22 Main Estimates,324173
R1A,Office of the Governor Generals Secretary,Bureau du secrétaire du gouverneur général,S,"Salary of the Governor General (R.S.C., 1985 c. G-9)",2021-22 Estimates To Date,324173
R1A,Office of the Governor Generals Secretary,Bureau du secrétaire du gouverneur général,S,"Salary of the Governor General (R.S.C., 1985 c. G-9)",2022-23 Main Estimates,341776
R1A,Office of the Governor Generals Secretary,Bureau du secrétaire du gouverneur général,S,Contributions to employee benefit plans,2020-21 Expenditures,2336827
R1A,Office of the Governor Generals Secretary,Bureau du secrétaire du gouverneur général,S,Contributions to employee benefit plans,2021-22 Main Estimates,2163815
R1A,Office of the Governor Generals Secretary,Bureau du secrétaire du gouverneur général,S,Contributions to employee benefit plans,2021-22 Estimates To Date,2163815
R1A,Office of the Governor Generals Secretary,Bureau du secrétaire du gouverneur général,S,Contributions to employee benefit plans,2022-23 Main Estimates,2201856
R1A,Office of the Intelligence Commissioner,Bureau du commissaire au renseignement,1,Program expenditures,2020-21 Expenditures,2024234
R1A,Office of the Intelligence Commissioner,Bureau du commissaire au renseignement,1,Program expenditures,2021-22 Main Estimates,2368788
R1A,Office of the Intelligence Commissioner,Bureau du commissaire au renseignement,1,Program expenditures,2021-22 Estimates To Date,2368788
R1A,Office of the Intelligence Commissioner,Bureau du commissaire au renseignement,1,Program expenditures,2022-23 Main Estimates,2368788
R1A,Office of the Intelligence Commissioner,Bureau du commissaire au renseignement,S,Contributions to employee benefit plans,2020-21 Expenditures,141613
R1A,Office of the Intelligence Commissioner,Bureau du commissaire au renseignement,S,Contributions to employee benefit plans,2021-22 Main Estimates,164587
R1A,Office of the Intelligence Commissioner,Bureau du commissaire au renseignement,S,Contributions to employee benefit plans,2021-22 Estimates To Date,164587
R1A,Office of the Intelligence Commissioner,Bureau du commissaire au renseignement,S,Contributions to employee benefit plans,2022-23 Main Estimates,166811
R1A,Office of the Parliamentary Budget Officer,Bureau du directeur parlementaire du budget,1,Program expenditures,2020-21 Expenditures,5476840
R1A,Office of the Parliamentary Budget Officer,Bureau du directeur parlementaire du budget,1,Program expenditures,2021-22 Main Estimates,6520482
R1A,Office of the Parliamentary Budget Officer,Bureau du directeur parlementaire du budget,1,Program expenditures,2021-22 Estimates To Date,6520482
R1A,Office of the Parliamentary Budget Officer,Bureau du directeur parlementaire du budget,1,Program expenditures,2022-23 Main Estimates,6650891
R1A,Office of the Parliamentary Budget Officer,Bureau du directeur parlementaire du budget,S,Contributions to employee benefit plans,2020-21 Expenditures,619259
R1A,Office of the Parliamentary Budget Officer,Bureau du directeur parlementaire du budget,S,Contributions to employee benefit plans,2021-22 Main Estimates,725714
R1A,Office of the Parliamentary Budget Officer,Bureau du directeur parlementaire du budget,S,Contributions to employee benefit plans,2021-22 Estimates To Date,725714
R1A,Office of the Parliamentary Budget Officer,Bureau du directeur parlementaire du budget,S,Contributions to employee benefit plans,2022-23 Main Estimates,750231
R1A,Office of the Public Sector Integrity Commissioner,Commissariat à lintégrité du secteur public,1,Program expenditures,2020-21 Expenditures,4892975
R1A,Office of the Public Sector Integrity Commissioner,Commissariat à lintégrité du secteur public,1,Program expenditures,2021-22 Main Estimates,5118271
R1A,Office of the Public Sector Integrity Commissioner,Commissariat à lintégrité du secteur public,1,Program expenditures,2021-22 Estimates To Date,5118271
R1A,Office of the Public Sector Integrity Commissioner,Commissariat à lintégrité du secteur public,1,Program expenditures,2022-23 Main Estimates,5121624
R1A,Office of the Public Sector Integrity Commissioner,Commissariat à lintégrité du secteur public,S,Contributions to employee benefit plans,2020-21 Expenditures,498599
R1A,Office of the Public Sector Integrity Commissioner,Commissariat à lintégrité du secteur public,S,Contributions to employee benefit plans,2021-22 Main Estimates,547052
R1A,Office of the Public Sector Integrity Commissioner,Commissariat à lintégrité du secteur public,S,Contributions to employee benefit plans,2021-22 Estimates To Date,547052
R1A,Office of the Public Sector Integrity Commissioner,Commissariat à lintégrité du secteur public,S,Contributions to employee benefit plans,2022-23 Main Estimates,554947
R1A,Office of the Public Sector Integrity Commissioner,Commissariat à lintégrité du secteur public,S,Other Statutory items listed in the Public Accounts of Canada,2020-21 Expenditures,84
R1A,Office of the Public Sector Integrity Commissioner,Commissariat à lintégrité du secteur public,S,Other Statutory items listed in the Public Accounts of Canada,2021-22 Main Estimates,0
R1A,Office of the Public Sector Integrity Commissioner,Commissariat à lintégrité du secteur public,S,Other Statutory items listed in the Public Accounts of Canada,2021-22 Estimates To Date,0
R1A,Office of the Public Sector Integrity Commissioner,Commissariat à lintégrité du secteur public,S,Other Statutory items listed in the Public Accounts of Canada,2022-23 Main Estimates,0
R1A,Office of the Senate Ethics Officer,Bureau du conseiller sénatorial en éthique,1,Program expenditures,2020-21 Expenditures,854870
R1A,Office of the Senate Ethics Officer,Bureau du conseiller sénatorial en éthique,1,Program expenditures,2021-22 Main Estimates,1231278
R1A,Office of the Senate Ethics Officer,Bureau du conseiller sénatorial en éthique,1,Program expenditures,2021-22 Estimates To Date,1231278
R1A,Office of the Senate Ethics Officer,Bureau du conseiller sénatorial en éthique,1,Program expenditures,2022-23 Main Estimates,1278498
R1A,Office of the Senate Ethics Officer,Bureau du conseiller sénatorial en éthique,S,Contributions to employee benefit plans,2020-21 Expenditures,106907
R1A,Office of the Senate Ethics Officer,Bureau du conseiller sénatorial en éthique,S,Contributions to employee benefit plans,2021-22 Main Estimates,121623
R1A,Office of the Senate Ethics Officer,Bureau du conseiller sénatorial en éthique,S,Contributions to employee benefit plans,2021-22 Estimates To Date,121623
R1A,Office of the Senate Ethics Officer,Bureau du conseiller sénatorial en éthique,S,Contributions to employee benefit plans,2022-23 Main Estimates,130350
R1A,Office of the Superintendent of Financial Institutions,Bureau du surintendant des institutions financières,1,Program expenditures,2020-21 Expenditures,1226041
R1A,Office of the Superintendent of Financial Institutions,Bureau du surintendant des institutions financières,1,Program expenditures,2021-22 Main Estimates,1244352
R1A,Office of the Superintendent of Financial Institutions,Bureau du surintendant des institutions financières,1,Program expenditures,2021-22 Estimates To Date,1244352
R1A,Office of the Superintendent of Financial Institutions,Bureau du surintendant des institutions financières,1,Program expenditures,2022-23 Main Estimates,1244352
R1A,Office of the Superintendent of Financial Institutions,Bureau du surintendant des institutions financières,S,Spending of revenues pursuant to subsection 17(2) of the  Office of the  Superintendent of Financial Institutions Act,2020-21 Expenditures,198401362
R1A,Office of the Superintendent of Financial Institutions,Bureau du surintendant des institutions financières,S,Spending of revenues pursuant to subsection 17(2) of the  Office of the  Superintendent of Financial Institutions Act,2021-22 Main Estimates,199506410
R1A,Office of the Superintendent of Financial Institutions,Bureau du surintendant des institutions financières,S,Spending of revenues pursuant to subsection 17(2) of the  Office of the  Superintendent of Financial Institutions Act,2021-22 Estimates To Date,199506410
R1A,Office of the Superintendent of Financial Institutions,Bureau du surintendant des institutions financières,S,Spending of revenues pursuant to subsection 17(2) of the  Office of the  Superintendent of Financial Institutions Act,2022-23 Main Estimates,219277299
R1A,Offices of the Information and Privacy Commissioners of Canada,Commissariats à linformation et à la protection de la vie privée du Canada,1,Program expenditures  Office of the Information Commissioner of Canada,2020-21 Expenditures,14504595
R1A,Offices of the Information and Privacy Commissioners of Canada,Commissariats à linformation et à la protection de la vie privée du Canada,1,Program expenditures  Office of the Information Commissioner of Canada,2021-22 Main Estimates,14940085
R1A,Offices of the Information and Privacy Commissioners of Canada,Commissariats à linformation et à la protection de la vie privée du Canada,1,Program expenditures  Office of the Information Commissioner of Canada,2021-22 Estimates To Date,14940085
R1A,Offices of the Information and Privacy Commissioners of Canada,Commissariats à linformation et à la protection de la vie privée du Canada,1,Program expenditures  Office of the Information Commissioner of Canada,2022-23 Main Estimates,14125695
R1A,Offices of the Information and Privacy Commissioners of Canada,Commissariats à linformation et à la protection de la vie privée du Canada,5,Program expenditures  Office of the Privacy Commissioner of Canada,2020-21 Expenditures,28500006
R1A,Offices of the Information and Privacy Commissioners of Canada,Commissariats à linformation et à la protection de la vie privée du Canada,5,Program expenditures  Office of the Privacy Commissioner of Canada,2021-22 Main Estimates,27062351
R1A,Offices of the Information and Privacy Commissioners of Canada,Commissariats à linformation et à la protection de la vie privée du Canada,5,Program expenditures  Office of the Privacy Commissioner of Canada,2021-22 Estimates To Date,27062351
R1A,Offices of the Information and Privacy Commissioners of Canada,Commissariats à linformation et à la protection de la vie privée du Canada,5,Program expenditures  Office of the Privacy Commissioner of Canada,2022-23 Main Estimates,26077995
R1A,Offices of the Information and Privacy Commissioners of Canada,Commissariats à linformation et à la protection de la vie privée du Canada,S,Contributions to employee benefit plans,2020-21 Expenditures,4939623
R1A,Offices of the Information and Privacy Commissioners of Canada,Commissariats à linformation et à la protection de la vie privée du Canada,S,Contributions to employee benefit plans,2021-22 Main Estimates,5052505
R1A,Offices of the Information and Privacy Commissioners of Canada,Commissariats à linformation et à la protection de la vie privée du Canada,S,Contributions to employee benefit plans,2021-22 Estimates To Date,5052505
R1A,Offices of the Information and Privacy Commissioners of Canada,Commissariats à linformation et à la protection de la vie privée du Canada,S,Contributions to employee benefit plans,2022-23 Main Estimates,4925970
R1A,Pacific Economic Development Agency of Canada,Agence de développement économique du Pacifique Canada,1,Operating expenditures,2020-21 Expenditures,0
R1A,Pacific Economic Development Agency of Canada,Agence de développement économique du Pacifique Canada,1,Operating expenditures,2021-22 Main Estimates,0
R1A,Pacific Economic Development Agency of Canada,Agence de développement économique du Pacifique Canada,1,Operating expenditures,2021-22 Estimates To Date,0
R1A,Pacific Economic Development Agency of Canada,Agence de développement économique du Pacifique Canada,1,Operating expenditures,2022-23 Main Estimates,26202522
R1A,Pacific Economic Development Agency of Canada,Agence de développement économique du Pacifique Canada,5,Grants and contributions,2020-21 Expenditures,0
R1A,Pacific Economic Development Agency of Canada,Agence de développement économique du Pacifique Canada,5,Grants and contributions,2021-22 Main Estimates,0
R1A,Pacific Economic Development Agency of Canada,Agence de développement économique du Pacifique Canada,5,Grants and contributions,2021-22 Estimates To Date,0
R1A,Pacific Economic Development Agency of Canada,Agence de développement économique du Pacifique Canada,5,Grants and contributions,2022-23 Main Estimates,226052644
R1A,Pacific Economic Development Agency of Canada,Agence de développement économique du Pacifique Canada,S,Contributions to employee benefit plans,2020-21 Expenditures,0
R1A,Pacific Economic Development Agency of Canada,Agence de développement économique du Pacifique Canada,S,Contributions to employee benefit plans,2021-22 Main Estimates,0
R1A,Pacific Economic Development Agency of Canada,Agence de développement économique du Pacifique Canada,S,Contributions to employee benefit plans,2021-22 Estimates To Date,0
R1A,Pacific Economic Development Agency of Canada,Agence de développement économique du Pacifique Canada,S,Contributions to employee benefit plans,2022-23 Main Estimates,2756096
R1A,Parks Canada Agency,Agence Parcs Canada,1,"Operating expenditures, grants and contributions",2020-21 Expenditures,552017308
R1A,Parks Canada Agency,Agence Parcs Canada,1,"Operating expenditures, grants and contributions",2021-22 Main Estimates,462559236
R1A,Parks Canada Agency,Agence Parcs Canada,1,"Operating expenditures, grants and contributions",2021-22 Estimates To Date,462559236
R1A,Parks Canada Agency,Agence Parcs Canada,1,"Operating expenditures, grants and contributions",2022-23 Main Estimates,622094141
R1A,Parks Canada Agency,Agence Parcs Canada,5,Capital expenditures,2020-21 Expenditures,556925053
R1A,Parks Canada Agency,Agence Parcs Canada,5,Capital expenditures,2021-22 Main Estimates,454342112
R1A,Parks Canada Agency,Agence Parcs Canada,5,Capital expenditures,2021-22 Estimates To Date,454342112
R1A,Parks Canada Agency,Agence Parcs Canada,5,Capital expenditures,2022-23 Main Estimates,138130184
R1A,Parks Canada Agency,Agence Parcs Canada,10,Payments to the New Parks and Historic Sites Account,2020-21 Expenditures,19292000
R1A,Parks Canada Agency,Agence Parcs Canada,10,Payments to the New Parks and Historic Sites Account,2021-22 Main Estimates,7371000
R1A,Parks Canada Agency,Agence Parcs Canada,10,Payments to the New Parks and Historic Sites Account,2021-22 Estimates To Date,7371000
R1A,Parks Canada Agency,Agence Parcs Canada,10,Payments to the New Parks and Historic Sites Account,2022-23 Main Estimates,21258071
R1A,Parks Canada Agency,Agence Parcs Canada,S,Contributions to employee benefit plans,2020-21 Expenditures,66821331
R1A,Parks Canada Agency,Agence Parcs Canada,S,Contributions to employee benefit plans,2021-22 Main Estimates,54836381
R1A,Parks Canada Agency,Agence Parcs Canada,S,Contributions to employee benefit plans,2021-22 Estimates To Date,54836381
R1A,Parks Canada Agency,Agence Parcs Canada,S,Contributions to employee benefit plans,2022-23 Main Estimates,57100909
R1A,Parks Canada Agency,Agence Parcs Canada,S,Expenditures equal to revenues resulting from the conduct of operations pursuant to section 20 of the  Parks Canada Agency Act,2020-21 Expenditures,110514225
R1A,Parks Canada Agency,Agence Parcs Canada,S,Expenditures equal to revenues resulting from the conduct of operations pursuant to section 20 of the  Parks Canada Agency Act,2021-22 Main Estimates,150000000
R1A,Parks Canada Agency,Agence Parcs Canada,S,Expenditures equal to revenues resulting from the conduct of operations pursuant to section 20 of the  Parks Canada Agency Act,2021-22 Estimates To Date,150000000
R1A,Parks Canada Agency,Agence Parcs Canada,S,Expenditures equal to revenues resulting from the conduct of operations pursuant to section 20 of the  Parks Canada Agency Act,2022-23 Main Estimates,150000000
R1A,Parliamentary Protective Service,Service de protection parlementaire,1,Program expenditures,2020-21 Expenditures,66377420
R1A,Parliamentary Protective Service,Service de protection parlementaire,1,Program expenditures,2021-22 Main Estimates,80666584
R1A,Parliamentary Protective Service,Service de protection parlementaire,1,Program expenditures,2021-22 Estimates To Date,80666584
R1A,Parliamentary Protective Service,Service de protection parlementaire,1,Program expenditures,2022-23 Main Estimates,89504130
R1A,Parliamentary Protective Service,Service de protection parlementaire,S,Contributions to employee benefit plans,2020-21 Expenditures,7409158
R1A,Parliamentary Protective Service,Service de protection parlementaire,S,Contributions to employee benefit plans,2021-22 Main Estimates,10086423
R1A,Parliamentary Protective Service,Service de protection parlementaire,S,Contributions to employee benefit plans,2021-22 Estimates To Date,10086423
R1A,Parliamentary Protective Service,Service de protection parlementaire,S,Contributions to employee benefit plans,2022-23 Main Estimates,11245736
R1A,Parole Board of Canada,Commission des libérations conditionnelles du Canada,1,Program expenditures,2020-21 Expenditures,50927331
R1A,Parole Board of Canada,Commission des libérations conditionnelles du Canada,1,Program expenditures,2021-22 Main Estimates,49323723
R1A,Parole Board of Canada,Commission des libérations conditionnelles du Canada,1,Program expenditures,2021-22 Estimates To Date,49323723
R1A,Parole Board of Canada,Commission des libérations conditionnelles du Canada,1,Program expenditures,2022-23 Main Estimates,58591187
R1A,Parole Board of Canada,Commission des libérations conditionnelles du Canada,S,Other Statutory items listed in the Public Accounts of Canada,2020-21 Expenditures,54766
R1A,Parole Board of Canada,Commission des libérations conditionnelles du Canada,S,Other Statutory items listed in the Public Accounts of Canada,2021-22 Main Estimates,0
R1A,Parole Board of Canada,Commission des libérations conditionnelles du Canada,S,Other Statutory items listed in the Public Accounts of Canada,2021-22 Estimates To Date,0
R1A,Parole Board of Canada,Commission des libérations conditionnelles du Canada,S,Other Statutory items listed in the Public Accounts of Canada,2022-23 Main Estimates,0
R1A,Parole Board of Canada,Commission des libérations conditionnelles du Canada,S,Contributions to employee benefit plans,2020-21 Expenditures,6762866
R1A,Parole Board of Canada,Commission des libérations conditionnelles du Canada,S,Contributions to employee benefit plans,2021-22 Main Estimates,6047000
R1A,Parole Board of Canada,Commission des libérations conditionnelles du Canada,S,Contributions to employee benefit plans,2021-22 Estimates To Date,6047000
R1A,Parole Board of Canada,Commission des libérations conditionnelles du Canada,S,Contributions to employee benefit plans,2022-23 Main Estimates,6904740
R1A,Patented Medicine Prices Review Board,Conseil dexamen du prix des médicaments brevetés,1,Program expenditures,2020-21 Expenditures,14038491
R1A,Patented Medicine Prices Review Board,Conseil dexamen du prix des médicaments brevetés,1,Program expenditures,2021-22 Main Estimates,17580493
R1A,Patented Medicine Prices Review Board,Conseil dexamen du prix des médicaments brevetés,1,Program expenditures,2021-22 Estimates To Date,17580493
R1A,Patented Medicine Prices Review Board,Conseil dexamen du prix des médicaments brevetés,1,Program expenditures,2022-23 Main Estimates,15677393
R1A,Patented Medicine Prices Review Board,Conseil dexamen du prix des médicaments brevetés,S,Contributions to employee benefit plans,2020-21 Expenditures,1220530
R1A,Patented Medicine Prices Review Board,Conseil dexamen du prix des médicaments brevetés,S,Contributions to employee benefit plans,2021-22 Main Estimates,1311829
R1A,Patented Medicine Prices Review Board,Conseil dexamen du prix des médicaments brevetés,S,Contributions to employee benefit plans,2021-22 Estimates To Date,1311829
R1A,Patented Medicine Prices Review Board,Conseil dexamen du prix des médicaments brevetés,S,Contributions to employee benefit plans,2022-23 Main Estimates,1325820
R1A,Patented Medicine Prices Review Board,Conseil dexamen du prix des médicaments brevetés,S,Other Statutory items listed in the Public Accounts of Canada,2020-21 Expenditures,62
R1A,Patented Medicine Prices Review Board,Conseil dexamen du prix des médicaments brevetés,S,Other Statutory items listed in the Public Accounts of Canada,2021-22 Main Estimates,0
R1A,Patented Medicine Prices Review Board,Conseil dexamen du prix des médicaments brevetés,S,Other Statutory items listed in the Public Accounts of Canada,2021-22 Estimates To Date,0
R1A,Patented Medicine Prices Review Board,Conseil dexamen du prix des médicaments brevetés,S,Other Statutory items listed in the Public Accounts of Canada,2022-23 Main Estimates,0
R1A,Privy Council Office,Bureau du Conseil privé,1,Program expenditures,2020-21 Expenditures,182977615
R1A,Privy Council Office,Bureau du Conseil privé,1,Program expenditures,2021-22 Main Estimates,172348874
R1A,Privy Council Office,Bureau du Conseil privé,1,Program expenditures,2021-22 Estimates To Date,172348874
R1A,Privy Council Office,Bureau du Conseil privé,1,Program expenditures,2022-23 Main Estimates,171938081
R1A,Privy Council Office,Bureau du Conseil privé,S,Contributions to employee benefit plans,2020-21 Expenditures,18843847
R1A,Privy Council Office,Bureau du Conseil privé,S,Contributions to employee benefit plans,2021-22 Main Estimates,19709932
R1A,Privy Council Office,Bureau du Conseil privé,S,Contributions to employee benefit plans,2021-22 Estimates To Date,19709932
R1A,Privy Council Office,Bureau du Conseil privé,S,Contributions to employee benefit plans,2022-23 Main Estimates,20105742
R1A,Privy Council Office,Bureau du Conseil privé,S,Prime Minister  Salary and motor car allowance ( Salaries Act  and  Parliament of Canada Act ),2020-21 Expenditures,184600
R1A,Privy Council Office,Bureau du Conseil privé,S,Prime Minister  Salary and motor car allowance ( Salaries Act  and  Parliament of Canada Act ),2021-22 Main Estimates,187500
R1A,Privy Council Office,Bureau du Conseil privé,S,Prime Minister  Salary and motor car allowance ( Salaries Act  and  Parliament of Canada Act ),2021-22 Estimates To Date,187500
R1A,Privy Council Office,Bureau du Conseil privé,S,Prime Minister  Salary and motor car allowance ( Salaries Act  and  Parliament of Canada Act ),2022-23 Main Estimates,189500
R1A,Privy Council Office,Bureau du Conseil privé,S,Leader of the Government in the House of Commons  Salary and motor car allowance ( Salaries Act  and  Parliament of Canada Act ),2020-21 Expenditures,89200
R1A,Privy Council Office,Bureau du Conseil privé,S,Leader of the Government in the House of Commons  Salary and motor car allowance ( Salaries Act  and  Parliament of Canada Act ),2021-22 Main Estimates,90500
R1A,Privy Council Office,Bureau du Conseil privé,S,Leader of the Government in the House of Commons  Salary and motor car allowance ( Salaries Act  and  Parliament of Canada Act ),2021-22 Estimates To Date,90500
R1A,Privy Council Office,Bureau du Conseil privé,S,Leader of the Government in the House of Commons  Salary and motor car allowance ( Salaries Act  and  Parliament of Canada Act ),2022-23 Main Estimates,92500
R1A,Privy Council Office,Bureau du Conseil privé,S,President of the Queens Privy Council for Canada and Minister of Emergency Preparedness  Salary and motor car allowance ( Salaries Act  and   Parliament of Canada Act ),2020-21 Expenditures,89200
R1A,Privy Council Office,Bureau du Conseil privé,S,President of the Queens Privy Council for Canada and Minister of Emergency Preparedness  Salary and motor car allowance ( Salaries Act  and   Parliament of Canada Act ),2021-22 Main Estimates,90500
R1A,Privy Council Office,Bureau du Conseil privé,S,President of the Queens Privy Council for Canada and Minister of Emergency Preparedness  Salary and motor car allowance ( Salaries Act  and   Parliament of Canada Act ),2021-22 Estimates To Date,90500
R1A,Privy Council Office,Bureau du Conseil privé,S,President of the Queens Privy Council for Canada and Minister of Emergency Preparedness  Salary and motor car allowance ( Salaries Act  and   Parliament of Canada Act ),2022-23 Main Estimates,92500
R1A,Privy Council Office,Bureau du Conseil privé,S,Deputy Prime Minister and Minister of Finance  Salary and motor car allowance ( Salaries Act  and   Parliament of Canada Act ),2020-21 Expenditures,89200
R1A,Privy Council Office,Bureau du Conseil privé,S,Deputy Prime Minister and Minister of Finance  Salary and motor car allowance ( Salaries Act  and   Parliament of Canada Act ),2021-22 Main Estimates,0
R1A,Privy Council Office,Bureau du Conseil privé,S,Deputy Prime Minister and Minister of Finance  Salary and motor car allowance ( Salaries Act  and   Parliament of Canada Act ),2021-22 Estimates To Date,0
R1A,Privy Council Office,Bureau du Conseil privé,S,Deputy Prime Minister and Minister of Finance  Salary and motor car allowance ( Salaries Act  and   Parliament of Canada Act ),2022-23 Main Estimates,0
R1A,Privy Council Office,Bureau du Conseil privé,S,Other Statutory items listed in the Public Accounts of Canada,2020-21 Expenditures,19662
R1A,Privy Council Office,Bureau du Conseil privé,S,Other Statutory items listed in the Public Accounts of Canada,2021-22 Main Estimates,0
R1A,Privy Council Office,Bureau du Conseil privé,S,Other Statutory items listed in the Public Accounts of Canada,2021-22 Estimates To Date,0
R1A,Privy Council Office,Bureau du Conseil privé,S,Other Statutory items listed in the Public Accounts of Canada,2022-23 Main Estimates,0
R1A,Public Health Agency of Canada,Agence de la santé publique du Canada,1,Operating expenditures,2020-21 Expenditures,2906861284
R1A,Public Health Agency of Canada,Agence de la santé publique du Canada,1,Operating expenditures,2021-22 Main Estimates,8219228533
R1A,Public Health Agency of Canada,Agence de la santé publique du Canada,1,Operating expenditures,2021-22 Estimates To Date,8219228533
R1A,Public Health Agency of Canada,Agence de la santé publique du Canada,1,Operating expenditures,2022-23 Main Estimates,7853559297
R1A,Public Health Agency of Canada,Agence de la santé publique du Canada,5,Capital expenditures,2020-21 Expenditures,36179995
R1A,Public Health Agency of Canada,Agence de la santé publique du Canada,5,Capital expenditures,2021-22 Main Estimates,26200000
R1A,Public Health Agency of Canada,Agence de la santé publique du Canada,5,Capital expenditures,2021-22 Estimates To Date,26200000
R1A,Public Health Agency of Canada,Agence de la santé publique du Canada,5,Capital expenditures,2022-23 Main Estimates,23300000
R1A,Public Health Agency of Canada,Agence de la santé publique du Canada,10,Grants and contributions,2020-21 Expenditures,322488959
R1A,Public Health Agency of Canada,Agence de la santé publique du Canada,10,Grants and contributions,2021-22 Main Estimates,426771816
R1A,Public Health Agency of Canada,Agence de la santé publique du Canada,10,Grants and contributions,2021-22 Estimates To Date,426771816
R1A,Public Health Agency of Canada,Agence de la santé publique du Canada,10,Grants and contributions,2022-23 Main Estimates,538766436
R1A,Public Health Agency of Canada,Agence de la santé publique du Canada,S,Payments to support Canadas enhanced response to COVID-19 pursuant to the  Public Health Events of National Concern Payments Act,2020-21 Expenditures,58000000
R1A,Public Health Agency of Canada,Agence de la santé publique du Canada,S,Payments to support Canadas enhanced response to COVID-19 pursuant to the  Public Health Events of National Concern Payments Act,2021-22 Main Estimates,0
R1A,Public Health Agency of Canada,Agence de la santé publique du Canada,S,Payments to support Canadas enhanced response to COVID-19 pursuant to the  Public Health Events of National Concern Payments Act,2021-22 Estimates To Date,0
R1A,Public Health Agency of Canada,Agence de la santé publique du Canada,S,Payments to support Canadas enhanced response to COVID-19 pursuant to the  Public Health Events of National Concern Payments Act,2022-23 Main Estimates,0
R1A,Public Health Agency of Canada,Agence de la santé publique du Canada,S,Payments to acquire protective gear and medical equipment pursuant to the  Public Health Events of National Concern Payments Act,2020-21 Expenditures,3424720288
R1A,Public Health Agency of Canada,Agence de la santé publique du Canada,S,Payments to acquire protective gear and medical equipment pursuant to the  Public Health Events of National Concern Payments Act,2021-22 Main Estimates,0
R1A,Public Health Agency of Canada,Agence de la santé publique du Canada,S,Payments to acquire protective gear and medical equipment pursuant to the  Public Health Events of National Concern Payments Act,2021-22 Estimates To Date,0
R1A,Public Health Agency of Canada,Agence de la santé publique du Canada,S,Payments to acquire protective gear and medical equipment pursuant to the  Public Health Events of National Concern Payments Act,2022-23 Main Estimates,0
R1A,Public Health Agency of Canada,Agence de la santé publique du Canada,S,Payments to support Canadas initial response to COVID-19 pursuant to the  Public Health Events of National Concern Payments Act,2020-21 Expenditures,140469177
R1A,Public Health Agency of Canada,Agence de la santé publique du Canada,S,Payments to support Canadas initial response to COVID-19 pursuant to the  Public Health Events of National Concern Payments Act,2021-22 Main Estimates,0
R1A,Public Health Agency of Canada,Agence de la santé publique du Canada,S,Payments to support Canadas initial response to COVID-19 pursuant to the  Public Health Events of National Concern Payments Act,2021-22 Estimates To Date,0
R1A,Public Health Agency of Canada,Agence de la santé publique du Canada,S,Payments to support Canadas initial response to COVID-19 pursuant to the  Public Health Events of National Concern Payments Act,2022-23 Main Estimates,0
R1A,Public Health Agency of Canada,Agence de la santé publique du Canada,S,Payments for the Sero-Surveillance Consortium pursuant to the  Public Health Events of National Concern Payments Act,2020-21 Expenditures,14001905
R1A,Public Health Agency of Canada,Agence de la santé publique du Canada,S,Payments for the Sero-Surveillance Consortium pursuant to the  Public Health Events of National Concern Payments Act,2021-22 Main Estimates,0
R1A,Public Health Agency of Canada,Agence de la santé publique du Canada,S,Payments for the Sero-Surveillance Consortium pursuant to the  Public Health Events of National Concern Payments Act,2021-22 Estimates To Date,0
R1A,Public Health Agency of Canada,Agence de la santé publique du Canada,S,Payments for the Sero-Surveillance Consortium pursuant to the  Public Health Events of National Concern Payments Act,2022-23 Main Estimates,0
R1A,Public Health Agency of Canada,Agence de la santé publique du Canada,S,Payments for the Kids Help Phone pursuant to the  Public Health Events of National Concern Payments Act,2020-21 Expenditures,4200765
R1A,Public Health Agency of Canada,Agence de la santé publique du Canada,S,Payments for the Kids Help Phone pursuant to the  Public Health Events of National Concern Payments Act,2021-22 Main Estimates,0
R1A,Public Health Agency of Canada,Agence de la santé publique du Canada,S,Payments for the Kids Help Phone pursuant to the  Public Health Events of National Concern Payments Act,2021-22 Estimates To Date,0
R1A,Public Health Agency of Canada,Agence de la santé publique du Canada,S,Payments for the Kids Help Phone pursuant to the  Public Health Events of National Concern Payments Act,2022-23 Main Estimates,0
R1A,Public Health Agency of Canada,Agence de la santé publique du Canada,S,Payments for medical countermeasures pursuant to the  Public Health Events of National Concern Payments Act,2020-21 Expenditures,9292
R1A,Public Health Agency of Canada,Agence de la santé publique du Canada,S,Payments for medical countermeasures pursuant to the  Public Health Events of National Concern Payments Act,2021-22 Main Estimates,0
R1A,Public Health Agency of Canada,Agence de la santé publique du Canada,S,Payments for medical countermeasures pursuant to the  Public Health Events of National Concern Payments Act,2021-22 Estimates To Date,0
R1A,Public Health Agency of Canada,Agence de la santé publique du Canada,S,Payments for medical countermeasures pursuant to the  Public Health Events of National Concern Payments Act,2022-23 Main Estimates,0
R1A,Public Health Agency of Canada,Agence de la santé publique du Canada,S,Payments for medical research and vaccine developments pursuant to the  Public Health Events of National Concern Payments Act,2020-21 Expenditures,1338926119
R1A,Public Health Agency of Canada,Agence de la santé publique du Canada,S,Payments for medical research and vaccine developments pursuant to the  Public Health Events of National Concern Payments Act,2021-22 Main Estimates,0
R1A,Public Health Agency of Canada,Agence de la santé publique du Canada,S,Payments for medical research and vaccine developments pursuant to the  Public Health Events of National Concern Payments Act,2021-22 Estimates To Date,0
R1A,Public Health Agency of Canada,Agence de la santé publique du Canada,S,Payments for medical research and vaccine developments pursuant to the  Public Health Events of National Concern Payments Act,2022-23 Main Estimates,0
R1A,Public Health Agency of Canada,Agence de la santé publique du Canada,S,Payments to boost Canadas capacity to manufacture and deploy a future COVID-19 vaccine pursuant to the  Public Health Events of National  Concern Payments Act,2020-21 Expenditures,5275384
R1A,Public Health Agency of Canada,Agence de la santé publique du Canada,S,Payments to boost Canadas capacity to manufacture and deploy a future COVID-19 vaccine pursuant to the  Public Health Events of National  Concern Payments Act,2021-22 Main Estimates,0
R1A,Public Health Agency of Canada,Agence de la santé publique du Canada,S,Payments to boost Canadas capacity to manufacture and deploy a future COVID-19 vaccine pursuant to the  Public Health Events of National  Concern Payments Act,2021-22 Estimates To Date,0
R1A,Public Health Agency of Canada,Agence de la santé publique du Canada,S,Payments to boost Canadas capacity to manufacture and deploy a future COVID-19 vaccine pursuant to the  Public Health Events of National  Concern Payments Act,2022-23 Main Estimates,0
R1A,Public Health Agency of Canada,Agence de la santé publique du Canada,S,Payments to support development of a COVID-19 vaccine  pursuant to the  Public Health Events of National Concern Payments Act,2020-21 Expenditures,298400412
R1A,Public Health Agency of Canada,Agence de la santé publique du Canada,S,Payments to support development of a COVID-19 vaccine  pursuant to the  Public Health Events of National Concern Payments Act,2021-22 Main Estimates,0
R1A,Public Health Agency of Canada,Agence de la santé publique du Canada,S,Payments to support development of a COVID-19 vaccine  pursuant to the  Public Health Events of National Concern Payments Act,2021-22 Estimates To Date,0
R1A,Public Health Agency of Canada,Agence de la santé publique du Canada,S,Payments to support development of a COVID-19 vaccine  pursuant to the  Public Health Events of National Concern Payments Act,2022-23 Main Estimates,0
R1A,Public Health Agency of Canada,Agence de la santé publique du Canada,S,"Payments for the Safe Restart Agreement for federal investments in  testing, contact tracing and data management pursuant to the  Public Health Events of National Concern Payments Act",2020-21 Expenditures,96639229
R1A,Public Health Agency of Canada,Agence de la santé publique du Canada,S,"Payments for the Safe Restart Agreement for federal investments in  testing, contact tracing and data management pursuant to the  Public Health Events of National Concern Payments Act",2021-22 Main Estimates,0
R1A,Public Health Agency of Canada,Agence de la santé publique du Canada,S,"Payments for the Safe Restart Agreement for federal investments in  testing, contact tracing and data management pursuant to the  Public Health Events of National Concern Payments Act",2021-22 Estimates To Date,0
R1A,Public Health Agency of Canada,Agence de la santé publique du Canada,S,"Payments for the Safe Restart Agreement for federal investments in  testing, contact tracing and data management pursuant to the  Public Health Events of National Concern Payments Act",2022-23 Main Estimates,0
R1A,Public Health Agency of Canada,Agence de la santé publique du Canada,S,Contributions to employee benefit plans,2020-21 Expenditures,39298130
R1A,Public Health Agency of Canada,Agence de la santé publique du Canada,S,Contributions to employee benefit plans,2021-22 Main Estimates,65447183
R1A,Public Health Agency of Canada,Agence de la santé publique du Canada,S,Contributions to employee benefit plans,2021-22 Estimates To Date,65447183
R1A,Public Health Agency of Canada,Agence de la santé publique du Canada,S,Contributions to employee benefit plans,2022-23 Main Estimates,65932563
R1A,Public Health Agency of Canada,Agence de la santé publique du Canada,S,"Spending of revenues from other departments for which the Minister is responsible, pursuant to subsection 4.2(4) of the  Department of  Health Act",2020-21 Expenditures,9905036
R1A,Public Health Agency of Canada,Agence de la santé publique du Canada,S,"Spending of revenues from other departments for which the Minister is responsible, pursuant to subsection 4.2(4) of the  Department of  Health Act",2021-22 Main Estimates,13412742
R1A,Public Health Agency of Canada,Agence de la santé publique du Canada,S,"Spending of revenues from other departments for which the Minister is responsible, pursuant to subsection 4.2(4) of the  Department of  Health Act",2021-22 Estimates To Date,13412742
R1A,Public Health Agency of Canada,Agence de la santé publique du Canada,S,"Spending of revenues from other departments for which the Minister is responsible, pursuant to subsection 4.2(4) of the  Department of  Health Act",2022-23 Main Estimates,13412742
R1A,Public Health Agency of Canada,Agence de la santé publique du Canada,S,Payments for medical research pursuant to the  Public Health Events of National Concern Payments Act,2020-21 Expenditures,10314240
R1A,Public Health Agency of Canada,Agence de la santé publique du Canada,S,Payments for medical research pursuant to the  Public Health Events of National Concern Payments Act,2021-22 Main Estimates,0
R1A,Public Health Agency of Canada,Agence de la santé publique du Canada,S,Payments for medical research pursuant to the  Public Health Events of National Concern Payments Act,2021-22 Estimates To Date,0
R1A,Public Health Agency of Canada,Agence de la santé publique du Canada,S,Payments for medical research pursuant to the  Public Health Events of National Concern Payments Act,2022-23 Main Estimates,0
R1A,Public Health Agency of Canada,Agence de la santé publique du Canada,S,Payments for border and travel measures and isolation sites pursuant to the  Public Health Events of National Concern Payments Act,2020-21 Expenditures,52069417
R1A,Public Health Agency of Canada,Agence de la santé publique du Canada,S,Payments for border and travel measures and isolation sites pursuant to the  Public Health Events of National Concern Payments Act,2021-22 Main Estimates,0
R1A,Public Health Agency of Canada,Agence de la santé publique du Canada,S,Payments for border and travel measures and isolation sites pursuant to the  Public Health Events of National Concern Payments Act,2021-22 Estimates To Date,0
R1A,Public Health Agency of Canada,Agence de la santé publique du Canada,S,Payments for border and travel measures and isolation sites pursuant to the  Public Health Events of National Concern Payments Act,2022-23 Main Estimates,0
R1A,Public Service Commission,Commission de la fonction publique,1,Program expenditures,2020-21 Expenditures,82356618
R1A,Public Service Commission,Commission de la fonction publique,1,Program expenditures,2021-22 Main Estimates,80160078
R1A,Public Service Commission,Commission de la fonction publique,1,Program expenditures,2021-22 Estimates To Date,80160078
R1A,Public Service Commission,Commission de la fonction publique,1,Program expenditures,2022-23 Main Estimates,80875554
R1A,Public Service Commission,Commission de la fonction publique,S,Contributions to employee benefit plans,2020-21 Expenditures,11203003
R1A,Public Service Commission,Commission de la fonction publique,S,Contributions to employee benefit plans,2021-22 Main Estimates,11698474
R1A,Public Service Commission,Commission de la fonction publique,S,Contributions to employee benefit plans,2021-22 Estimates To Date,11698474
R1A,Public Service Commission,Commission de la fonction publique,S,Contributions to employee benefit plans,2022-23 Main Estimates,11925175
R1A,Public Service Commission,Commission de la fonction publique,S,Other Statutory items listed in the Public Accounts of Canada,2020-21 Expenditures,1737
R1A,Public Service Commission,Commission de la fonction publique,S,Other Statutory items listed in the Public Accounts of Canada,2021-22 Main Estimates,0
R1A,Public Service Commission,Commission de la fonction publique,S,Other Statutory items listed in the Public Accounts of Canada,2021-22 Estimates To Date,0
R1A,Public Service Commission,Commission de la fonction publique,S,Other Statutory items listed in the Public Accounts of Canada,2022-23 Main Estimates,0
R1A,Registrar of the Supreme Court of Canada,Registraire de la Cour suprême du Canada,1,Program expenditures,2020-21 Expenditures,28013515
R1A,Registrar of the Supreme Court of Canada,Registraire de la Cour suprême du Canada,1,Program expenditures,2021-22 Main Estimates,26997385
R1A,Registrar of the Supreme Court of Canada,Registraire de la Cour suprême du Canada,1,Program expenditures,2021-22 Estimates To Date,26997385
R1A,Registrar of the Supreme Court of Canada,Registraire de la Cour suprême du Canada,1,Program expenditures,2022-23 Main Estimates,27139017
R1A,Registrar of the Supreme Court of Canada,Registraire de la Cour suprême du Canada,S,Other Statutory items listed in the Public Accounts of Canada,2020-21 Expenditures,852
R1A,Registrar of the Supreme Court of Canada,Registraire de la Cour suprême du Canada,S,Other Statutory items listed in the Public Accounts of Canada,2021-22 Main Estimates,0
R1A,Registrar of the Supreme Court of Canada,Registraire de la Cour suprême du Canada,S,Other Statutory items listed in the Public Accounts of Canada,2021-22 Estimates To Date,0
R1A,Registrar of the Supreme Court of Canada,Registraire de la Cour suprême du Canada,S,Other Statutory items listed in the Public Accounts of Canada,2022-23 Main Estimates,0
R1A,Registrar of the Supreme Court of Canada,Registraire de la Cour suprême du Canada,S,"Judges salaries, allowances and annuities, annuities to spouses and  children of deceased judges and lump sum payments to spouses of judges who die while in office (R.S.C., 1985, c. J-1 as amended)",2020-21 Expenditures,8082236
R1A,Registrar of the Supreme Court of Canada,Registraire de la Cour suprême du Canada,S,"Judges salaries, allowances and annuities, annuities to spouses and  children of deceased judges and lump sum payments to spouses of judges who die while in office (R.S.C., 1985, c. J-1 as amended)",2021-22 Main Estimates,9157676
R1A,Registrar of the Supreme Court of Canada,Registraire de la Cour suprême du Canada,S,"Judges salaries, allowances and annuities, annuities to spouses and  children of deceased judges and lump sum payments to spouses of judges who die while in office (R.S.C., 1985, c. J-1 as amended)",2021-22 Estimates To Date,9157676
R1A,Registrar of the Supreme Court of Canada,Registraire de la Cour suprême du Canada,S,"Judges salaries, allowances and annuities, annuities to spouses and  children of deceased judges and lump sum payments to spouses of judges who die while in office (R.S.C., 1985, c. J-1 as amended)",2022-23 Main Estimates,9463062
R1A,Registrar of the Supreme Court of Canada,Registraire de la Cour suprême du Canada,S,Contributions to employee benefit plans,2020-21 Expenditures,3135588
R1A,Registrar of the Supreme Court of Canada,Registraire de la Cour suprême du Canada,S,Contributions to employee benefit plans,2021-22 Main Estimates,3006100
R1A,Registrar of the Supreme Court of Canada,Registraire de la Cour suprême du Canada,S,Contributions to employee benefit plans,2021-22 Estimates To Date,3006100
R1A,Registrar of the Supreme Court of Canada,Registraire de la Cour suprême du Canada,S,Contributions to employee benefit plans,2022-23 Main Estimates,3061816
R1A,Royal Canadian Mounted Police,Gendarmerie royale du Canada,1,Operating expenditures,2020-21 Expenditures,2723004328
R1A,Royal Canadian Mounted Police,Gendarmerie royale du Canada,1,Operating expenditures,2021-22 Main Estimates,2642741385
R1A,Royal Canadian Mounted Police,Gendarmerie royale du Canada,1,Operating expenditures,2021-22 Estimates To Date,2642741385
R1A,Royal Canadian Mounted Police,Gendarmerie royale du Canada,1,Operating expenditures,2022-23 Main Estimates,3016856037
R1A,Royal Canadian Mounted Police,Gendarmerie royale du Canada,5,Capital expenditures,2020-21 Expenditures,245236691
R1A,Royal Canadian Mounted Police,Gendarmerie royale du Canada,5,Capital expenditures,2021-22 Main Estimates,251946081
R1A,Royal Canadian Mounted Police,Gendarmerie royale du Canada,5,Capital expenditures,2021-22 Estimates To Date,251946081
R1A,Royal Canadian Mounted Police,Gendarmerie royale du Canada,5,Capital expenditures,2022-23 Main Estimates,262730335
R1A,Royal Canadian Mounted Police,Gendarmerie royale du Canada,10,Grants and contributions,2020-21 Expenditures,387166286
R1A,Royal Canadian Mounted Police,Gendarmerie royale du Canada,10,Grants and contributions,2021-22 Main Estimates,194973483
R1A,Royal Canadian Mounted Police,Gendarmerie royale du Canada,10,Grants and contributions,2021-22 Estimates To Date,194973483
R1A,Royal Canadian Mounted Police,Gendarmerie royale du Canada,10,Grants and contributions,2022-23 Main Estimates,428273483
R1A,Royal Canadian Mounted Police,Gendarmerie royale du Canada,S,Contributions to employee benefit plans,2020-21 Expenditures,99201555
R1A,Royal Canadian Mounted Police,Gendarmerie royale du Canada,S,Contributions to employee benefit plans,2021-22 Main Estimates,96226102
R1A,Royal Canadian Mounted Police,Gendarmerie royale du Canada,S,Contributions to employee benefit plans,2021-22 Estimates To Date,96226102
R1A,Royal Canadian Mounted Police,Gendarmerie royale du Canada,S,Contributions to employee benefit plans,2022-23 Main Estimates,65864641
R1A,Royal Canadian Mounted Police,Gendarmerie royale du Canada,S,Pensions and other employee benefits  Members of the Force,2020-21 Expenditures,358829971
R1A,Royal Canadian Mounted Police,Gendarmerie royale du Canada,S,Pensions and other employee benefits  Members of the Force,2021-22 Main Estimates,247036059
R1A,Royal Canadian Mounted Police,Gendarmerie royale du Canada,S,Pensions and other employee benefits  Members of the Force,2021-22 Estimates To Date,247036059
R1A,Royal Canadian Mounted Police,Gendarmerie royale du Canada,S,Pensions and other employee benefits  Members of the Force,2022-23 Main Estimates,455479327
R1A,Royal Canadian Mounted Police,Gendarmerie royale du Canada,S,Other Statutory items listed in the Public Accounts of Canada,2020-21 Expenditures,8930317
R1A,Royal Canadian Mounted Police,Gendarmerie royale du Canada,S,Other Statutory items listed in the Public Accounts of Canada,2021-22 Main Estimates,0
R1A,Royal Canadian Mounted Police,Gendarmerie royale du Canada,S,Other Statutory items listed in the Public Accounts of Canada,2021-22 Estimates To Date,0
R1A,Royal Canadian Mounted Police,Gendarmerie royale du Canada,S,Other Statutory items listed in the Public Accounts of Canada,2022-23 Main Estimates,0
R1A,Royal Canadian Mounted Police,Gendarmerie royale du Canada,S,"Pensions under the  Royal Canadian Mounted Police Pension Continuation Act  (R.S.C., 1970, c. R-10)",2020-21 Expenditures,4996555
R1A,Royal Canadian Mounted Police,Gendarmerie royale du Canada,S,"Pensions under the  Royal Canadian Mounted Police Pension Continuation Act  (R.S.C., 1970, c. R-10)",2021-22 Main Estimates,6750000
R1A,Royal Canadian Mounted Police,Gendarmerie royale du Canada,S,"Pensions under the  Royal Canadian Mounted Police Pension Continuation Act  (R.S.C., 1970, c. R-10)",2021-22 Estimates To Date,6750000
R1A,Royal Canadian Mounted Police,Gendarmerie royale du Canada,S,"Pensions under the  Royal Canadian Mounted Police Pension Continuation Act  (R.S.C., 1970, c. R-10)",2022-23 Main Estimates,5000000
R1A,Royal Canadian Mounted Police External Review Committee,Comité externe dexamen de la Gendarmerie royale du Canada,1,Program expenditures,2020-21 Expenditures,2890822
R1A,Royal Canadian Mounted Police External Review Committee,Comité externe dexamen de la Gendarmerie royale du Canada,1,Program expenditures,2021-22 Main Estimates,5800710
R1A,Royal Canadian Mounted Police External Review Committee,Comité externe dexamen de la Gendarmerie royale du Canada,1,Program expenditures,2021-22 Estimates To Date,5800710
R1A,Royal Canadian Mounted Police External Review Committee,Comité externe dexamen de la Gendarmerie royale du Canada,1,Program expenditures,2022-23 Main Estimates,5801194
R1A,Royal Canadian Mounted Police External Review Committee,Comité externe dexamen de la Gendarmerie royale du Canada,S,Contributions to employee benefit plans,2020-21 Expenditures,294694
R1A,Royal Canadian Mounted Police External Review Committee,Comité externe dexamen de la Gendarmerie royale du Canada,S,Contributions to employee benefit plans,2021-22 Main Estimates,632288
R1A,Royal Canadian Mounted Police External Review Committee,Comité externe dexamen de la Gendarmerie royale du Canada,S,Contributions to employee benefit plans,2021-22 Estimates To Date,632288
R1A,Royal Canadian Mounted Police External Review Committee,Comité externe dexamen de la Gendarmerie royale du Canada,S,Contributions to employee benefit plans,2022-23 Main Estimates,640904
R1A,Secretariat of the National Security and Intelligence Committee of Parliamentarians,Secrétariat du Comité des parlementaires sur la sécurité nationale et le renseignement,1,Program expenditures,2020-21 Expenditures,2249180
R1A,Secretariat of the National Security and Intelligence Committee of Parliamentarians,Secrétariat du Comité des parlementaires sur la sécurité nationale et le renseignement,1,Program expenditures,2021-22 Main Estimates,3409991
R1A,Secretariat of the National Security and Intelligence Committee of Parliamentarians,Secrétariat du Comité des parlementaires sur la sécurité nationale et le renseignement,1,Program expenditures,2021-22 Estimates To Date,3409991
R1A,Secretariat of the National Security and Intelligence Committee of Parliamentarians,Secrétariat du Comité des parlementaires sur la sécurité nationale et le renseignement,1,Program expenditures,2022-23 Main Estimates,3409991
R1A,Secretariat of the National Security and Intelligence Committee of Parliamentarians,Secrétariat du Comité des parlementaires sur la sécurité nationale et le renseignement,S,Contributions to employee benefit plans,2020-21 Expenditures,182065
R1A,Secretariat of the National Security and Intelligence Committee of Parliamentarians,Secrétariat du Comité des parlementaires sur la sécurité nationale et le renseignement,S,Contributions to employee benefit plans,2021-22 Main Estimates,238048
R1A,Secretariat of the National Security and Intelligence Committee of Parliamentarians,Secrétariat du Comité des parlementaires sur la sécurité nationale et le renseignement,S,Contributions to employee benefit plans,2021-22 Estimates To Date,238048
R1A,Secretariat of the National Security and Intelligence Committee of Parliamentarians,Secrétariat du Comité des parlementaires sur la sécurité nationale et le renseignement,S,Contributions to employee benefit plans,2022-23 Main Estimates,241265
R1A,Senate,Sénat,1,Program expenditures,2020-21 Expenditures,68856272
R1A,Senate,Sénat,1,Program expenditures,2021-22 Main Estimates,79080673
R1A,Senate,Sénat,1,Program expenditures,2021-22 Estimates To Date,79080673
R1A,Senate,Sénat,1,Program expenditures,2022-23 Main Estimates,84536860
R1A,Senate,Sénat,S,"Senate House Officers and Senators  Salaries, allowances and other  payments to the Speaker of the Senate,  Members and other officers of the Senate under the  Parliament of Canada Act ; contributions to  the Members of Parliament Retiring Allowances Account and Members of  Parliament Retirement Compensation Arrangements Account (R.S.C., 1985, c.M-5)",2020-21 Expenditures,40485214
R1A,Senate,Sénat,S,"Senate House Officers and Senators  Salaries, allowances and other  payments to the Speaker of the Senate,  Members and other officers of the Senate under the  Parliament of Canada Act ; contributions to  the Members of Parliament Retiring Allowances Account and Members of  Parliament Retirement Compensation Arrangements Account (R.S.C., 1985, c.M-5)",2021-22 Main Estimates,27267254
R1A,Senate,Sénat,S,"Senate House Officers and Senators  Salaries, allowances and other  payments to the Speaker of the Senate,  Members and other officers of the Senate under the  Parliament of Canada Act ; contributions to  the Members of Parliament Retiring Allowances Account and Members of  Parliament Retirement Compensation Arrangements Account (R.S.C., 1985, c.M-5)",2021-22 Estimates To Date,27267254
R1A,Senate,Sénat,S,"Senate House Officers and Senators  Salaries, allowances and other  payments to the Speaker of the Senate,  Members and other officers of the Senate under the  Parliament of Canada Act ; contributions to  the Members of Parliament Retiring Allowances Account and Members of  Parliament Retirement Compensation Arrangements Account (R.S.C., 1985, c.M-5)",2022-23 Main Estimates,27904035
R1A,Senate,Sénat,S,Contributions to employee benefit plans,2020-21 Expenditures,7858018
R1A,Senate,Sénat,S,Contributions to employee benefit plans,2021-22 Main Estimates,9215811
R1A,Senate,Sénat,S,Contributions to employee benefit plans,2021-22 Estimates To Date,9215811
R1A,Senate,Sénat,S,Contributions to employee benefit plans,2022-23 Main Estimates,9380807
R1A,Shared Services Canada,Services partagés Canada,1,Operating expenditures,2020-21 Expenditures,1797857668
R1A,Shared Services Canada,Services partagés Canada,1,Operating expenditures,2021-22 Main Estimates,1603400792
R1A,Shared Services Canada,Services partagés Canada,1,Operating expenditures,2021-22 Estimates To Date,1603400792
R1A,Shared Services Canada,Services partagés Canada,1,Operating expenditures,2022-23 Main Estimates,2161889344
R1A,Shared Services Canada,Services partagés Canada,5,Capital expenditures,2020-21 Expenditures,392322537
R1A,Shared Services Canada,Services partagés Canada,5,Capital expenditures,2021-22 Main Estimates,209982042
R1A,Shared Services Canada,Services partagés Canada,5,Capital expenditures,2021-22 Estimates To Date,209982042
R1A,Shared Services Canada,Services partagés Canada,5,Capital expenditures,2022-23 Main Estimates,339296808
R1A,Shared Services Canada,Services partagés Canada,S,Contributions to employee benefit plans,2020-21 Expenditures,103522096
R1A,Shared Services Canada,Services partagés Canada,S,Contributions to employee benefit plans,2021-22 Main Estimates,94672200
R1A,Shared Services Canada,Services partagés Canada,S,Contributions to employee benefit plans,2021-22 Estimates To Date,94672200
R1A,Shared Services Canada,Services partagés Canada,S,Contributions to employee benefit plans,2022-23 Main Estimates,117709463
R1A,Shared Services Canada,Services partagés Canada,S,Other Statutory items listed in the Public Accounts of Canada,2020-21 Expenditures,5014972
R1A,Shared Services Canada,Services partagés Canada,S,Other Statutory items listed in the Public Accounts of Canada,2021-22 Main Estimates,0
R1A,Shared Services Canada,Services partagés Canada,S,Other Statutory items listed in the Public Accounts of Canada,2021-22 Estimates To Date,0
R1A,Shared Services Canada,Services partagés Canada,S,Other Statutory items listed in the Public Accounts of Canada,2022-23 Main Estimates,0
R1A,Shared Services Canada,Services partagés Canada,S,Payments to enhance public health measures to COVID-19 in First Nations and Inuit communities pursuant to the  Public Health Events of  National Concern Payments Act,2020-21 Expenditures,1100000
R1A,Shared Services Canada,Services partagés Canada,S,Payments to enhance public health measures to COVID-19 in First Nations and Inuit communities pursuant to the  Public Health Events of  National Concern Payments Act,2021-22 Main Estimates,0
R1A,Shared Services Canada,Services partagés Canada,S,Payments to enhance public health measures to COVID-19 in First Nations and Inuit communities pursuant to the  Public Health Events of  National Concern Payments Act,2021-22 Estimates To Date,0
R1A,Shared Services Canada,Services partagés Canada,S,Payments to enhance public health measures to COVID-19 in First Nations and Inuit communities pursuant to the  Public Health Events of  National Concern Payments Act,2022-23 Main Estimates,0
R1A,Shared Services Canada,Services partagés Canada,S,Payments to support students and youth impacted by COVID-19 pursuant to the  Public Health Events of National Concern Payments Act,2020-21 Expenditures,16000
R1A,Shared Services Canada,Services partagés Canada,S,Payments to support students and youth impacted by COVID-19 pursuant to the  Public Health Events of National Concern Payments Act,2021-22 Main Estimates,0
R1A,Shared Services Canada,Services partagés Canada,S,Payments to support students and youth impacted by COVID-19 pursuant to the  Public Health Events of National Concern Payments Act,2021-22 Estimates To Date,0
R1A,Shared Services Canada,Services partagés Canada,S,Payments to support students and youth impacted by COVID-19 pursuant to the  Public Health Events of National Concern Payments Act,2022-23 Main Estimates,0
R1A,Shared Services Canada,Services partagés Canada,S,Payments to support the administration of the Canada Emergency Response Benefit pursuant to the  Public Health Events of National Concern  Payments Act,2020-21 Expenditures,9964000
R1A,Shared Services Canada,Services partagés Canada,S,Payments to support the administration of the Canada Emergency Response Benefit pursuant to the  Public Health Events of National Concern  Payments Act,2021-22 Main Estimates,0
R1A,Shared Services Canada,Services partagés Canada,S,Payments to support the administration of the Canada Emergency Response Benefit pursuant to the  Public Health Events of National Concern  Payments Act,2021-22 Estimates To Date,0
R1A,Shared Services Canada,Services partagés Canada,S,Payments to support the administration of the Canada Emergency Response Benefit pursuant to the  Public Health Events of National Concern  Payments Act,2022-23 Main Estimates,0
R1A,Shared Services Canada,Services partagés Canada,S,Payments to ensure access to Canada Revenue Agency call centres pursuant to the  Public Health Events of National Concern Payments Act,2020-21 Expenditures,2400000
R1A,Shared Services Canada,Services partagés Canada,S,Payments to ensure access to Canada Revenue Agency call centres pursuant to the  Public Health Events of National Concern Payments Act,2021-22 Main Estimates,0
R1A,Shared Services Canada,Services partagés Canada,S,Payments to ensure access to Canada Revenue Agency call centres pursuant to the  Public Health Events of National Concern Payments Act,2021-22 Estimates To Date,0
R1A,Shared Services Canada,Services partagés Canada,S,Payments to ensure access to Canada Revenue Agency call centres pursuant to the  Public Health Events of National Concern Payments Act,2022-23 Main Estimates,0
R1A,Social Sciences and Humanities Research Council,Conseil de recherches en sciences humaines,1,Operating expenditures,2020-21 Expenditures,35391177
R1A,Social Sciences and Humanities Research Council,Conseil de recherches en sciences humaines,1,Operating expenditures,2021-22 Main Estimates,33994870
R1A,Social Sciences and Humanities Research Council,Conseil de recherches en sciences humaines,1,Operating expenditures,2021-22 Estimates To Date,33994870
R1A,Social Sciences and Humanities Research Council,Conseil de recherches en sciences humaines,1,Operating expenditures,2022-23 Main Estimates,39803046
R1A,Social Sciences and Humanities Research Council,Conseil de recherches en sciences humaines,5,Grants,2020-21 Expenditures,1022533351
R1A,Social Sciences and Humanities Research Council,Conseil de recherches en sciences humaines,5,Grants,2021-22 Main Estimates,967688573
R1A,Social Sciences and Humanities Research Council,Conseil de recherches en sciences humaines,5,Grants,2021-22 Estimates To Date,967688573
R1A,Social Sciences and Humanities Research Council,Conseil de recherches en sciences humaines,5,Grants,2022-23 Main Estimates,1029372709
R1A,Social Sciences and Humanities Research Council,Conseil de recherches en sciences humaines,S,Payments to support students and youth impacted by COVID-19 pursuant to the  Public Health Events of National Concern Payments Act,2020-21 Expenditures,32211469
R1A,Social Sciences and Humanities Research Council,Conseil de recherches en sciences humaines,S,Payments to support students and youth impacted by COVID-19 pursuant to the  Public Health Events of National Concern Payments Act,2021-22 Main Estimates,0
R1A,Social Sciences and Humanities Research Council,Conseil de recherches en sciences humaines,S,Payments to support students and youth impacted by COVID-19 pursuant to the  Public Health Events of National Concern Payments Act,2021-22 Estimates To Date,0
R1A,Social Sciences and Humanities Research Council,Conseil de recherches en sciences humaines,S,Payments to support students and youth impacted by COVID-19 pursuant to the  Public Health Events of National Concern Payments Act,2022-23 Main Estimates,0
R1A,Social Sciences and Humanities Research Council,Conseil de recherches en sciences humaines,S,Payments for research institutes and Universities pursuant to the  Public Health Events of National Concern Payments Act,2020-21 Expenditures,324840117
R1A,Social Sciences and Humanities Research Council,Conseil de recherches en sciences humaines,S,Payments for research institutes and Universities pursuant to the  Public Health Events of National Concern Payments Act,2021-22 Main Estimates,0
R1A,Social Sciences and Humanities Research Council,Conseil de recherches en sciences humaines,S,Payments for research institutes and Universities pursuant to the  Public Health Events of National Concern Payments Act,2021-22 Estimates To Date,0
R1A,Social Sciences and Humanities Research Council,Conseil de recherches en sciences humaines,S,Payments for research institutes and Universities pursuant to the  Public Health Events of National Concern Payments Act,2022-23 Main Estimates,0
R1A,Social Sciences and Humanities Research Council,Conseil de recherches en sciences humaines,S,Spending of revenues pursuant to subsection 4(2) of the  Social Sciences and Humanities Research Council Act,2020-21 Expenditures,76306
R1A,Social Sciences and Humanities Research Council,Conseil de recherches en sciences humaines,S,Spending of revenues pursuant to subsection 4(2) of the  Social Sciences and Humanities Research Council Act,2021-22 Main Estimates,94976
R1A,Social Sciences and Humanities Research Council,Conseil de recherches en sciences humaines,S,Spending of revenues pursuant to subsection 4(2) of the  Social Sciences and Humanities Research Council Act,2021-22 Estimates To Date,94976
R1A,Social Sciences and Humanities Research Council,Conseil de recherches en sciences humaines,S,Spending of revenues pursuant to subsection 4(2) of the  Social Sciences and Humanities Research Council Act,2022-23 Main Estimates,107962
R1A,Social Sciences and Humanities Research Council,Conseil de recherches en sciences humaines,S,Contributions to employee benefit plans,2020-21 Expenditures,4066187
R1A,Social Sciences and Humanities Research Council,Conseil de recherches en sciences humaines,S,Contributions to employee benefit plans,2021-22 Main Estimates,3672021
R1A,Social Sciences and Humanities Research Council,Conseil de recherches en sciences humaines,S,Contributions to employee benefit plans,2021-22 Estimates To Date,3672021
R1A,Social Sciences and Humanities Research Council,Conseil de recherches en sciences humaines,S,Contributions to employee benefit plans,2022-23 Main Estimates,4169009
R1A,Standards Council of Canada,Conseil canadien des normes,1,Payments to the Council,2020-21 Expenditures,18575862
R1A,Standards Council of Canada,Conseil canadien des normes,1,Payments to the Council,2021-22 Main Estimates,15046000
R1A,Standards Council of Canada,Conseil canadien des normes,1,Payments to the Council,2021-22 Estimates To Date,15046000
R1A,Standards Council of Canada,Conseil canadien des normes,1,Payments to the Council,2022-23 Main Estimates,15647708
R1A,Statistics Canada,Statistique Canada,1,Program expenditures,2020-21 Expenditures,537787444
R1A,Statistics Canada,Statistique Canada,1,Program expenditures,2021-22 Main Estimates,721223424
R1A,Statistics Canada,Statistique Canada,1,Program expenditures,2021-22 Estimates To Date,721223424
R1A,Statistics Canada,Statistique Canada,1,Program expenditures,2022-23 Main Estimates,496727478
R1A,Statistics Canada,Statistique Canada,S,Other Statutory items listed in the Public Accounts of Canada,2020-21 Expenditures,8679
R1A,Statistics Canada,Statistique Canada,S,Other Statutory items listed in the Public Accounts of Canada,2021-22 Main Estimates,0
R1A,Statistics Canada,Statistique Canada,S,Other Statutory items listed in the Public Accounts of Canada,2021-22 Estimates To Date,0
R1A,Statistics Canada,Statistique Canada,S,Other Statutory items listed in the Public Accounts of Canada,2022-23 Main Estimates,0
R1A,Statistics Canada,Statistique Canada,S,Contributions to employee benefit plans,2020-21 Expenditures,83522745
R1A,Statistics Canada,Statistique Canada,S,Contributions to employee benefit plans,2021-22 Main Estimates,81107268
R1A,Statistics Canada,Statistique Canada,S,Contributions to employee benefit plans,2021-22 Estimates To Date,81107268
R1A,Statistics Canada,Statistique Canada,S,Contributions to employee benefit plans,2022-23 Main Estimates,79966771
R1A,Telefilm Canada,Téléfilm Canada,1,Payments to the corporation to be used for the purposes set out in the  Telefilm Canada Act,2020-21 Expenditures,102307749
R1A,Telefilm Canada,Téléfilm Canada,1,Payments to the corporation to be used for the purposes set out in the  Telefilm Canada Act,2021-22 Main Estimates,102908479
R1A,Telefilm Canada,Téléfilm Canada,1,Payments to the corporation to be used for the purposes set out in the  Telefilm Canada Act,2021-22 Estimates To Date,102908479
R1A,Telefilm Canada,Téléfilm Canada,1,Payments to the corporation to be used for the purposes set out in the  Telefilm Canada Act,2022-23 Main Estimates,151908479
R1A,Telefilm Canada,Téléfilm Canada,S,Payments to support the audiovisual industry pursuant to the  Public Health Events of National Concern Payments Act,2020-21 Expenditures,346000
R1A,Telefilm Canada,Téléfilm Canada,S,Payments to support the audiovisual industry pursuant to the  Public Health Events of National Concern Payments Act,2021-22 Main Estimates,0
R1A,Telefilm Canada,Téléfilm Canada,S,Payments to support the audiovisual industry pursuant to the  Public Health Events of National Concern Payments Act,2021-22 Estimates To Date,0
R1A,Telefilm Canada,Téléfilm Canada,S,Payments to support the audiovisual industry pursuant to the  Public Health Events of National Concern Payments Act,2022-23 Main Estimates,0
R1A,Telefilm Canada,Téléfilm Canada,S,"Payments to establish a COVID-19 Emergency Support Fund for Cultural, Heritage and Sport Organizations pursuant to the  Public Health Events  of National Concern Payments Act",2020-21 Expenditures,29654492
R1A,Telefilm Canada,Téléfilm Canada,S,"Payments to establish a COVID-19 Emergency Support Fund for Cultural, Heritage and Sport Organizations pursuant to the  Public Health Events  of National Concern Payments Act",2021-22 Main Estimates,0
R1A,Telefilm Canada,Téléfilm Canada,S,"Payments to establish a COVID-19 Emergency Support Fund for Cultural, Heritage and Sport Organizations pursuant to the  Public Health Events  of National Concern Payments Act",2021-22 Estimates To Date,0
R1A,Telefilm Canada,Téléfilm Canada,S,"Payments to establish a COVID-19 Emergency Support Fund for Cultural, Heritage and Sport Organizations pursuant to the  Public Health Events  of National Concern Payments Act",2022-23 Main Estimates,0
R1A,The Federal Bridge Corporation Limited,La Société des ponts fédéraux Limitée,1,Payments to the Corporation,2020-21 Expenditures,4581003
R1A,The Federal Bridge Corporation Limited,La Société des ponts fédéraux Limitée,1,Payments to the Corporation,2021-22 Main Estimates,18497000
R1A,The Federal Bridge Corporation Limited,La Société des ponts fédéraux Limitée,1,Payments to the Corporation,2021-22 Estimates To Date,18497000
R1A,The Federal Bridge Corporation Limited,La Société des ponts fédéraux Limitée,1,Payments to the Corporation,2022-23 Main Estimates,0
R1A,The Federal Bridge Corporation Limited,La Société des ponts fédéraux Limitée,S,Payments to the Federal Bridge Corporation Limited pursuant to the  Public Health Events of National Concern Payments Act,2020-21 Expenditures,1480387
R1A,The Federal Bridge Corporation Limited,La Société des ponts fédéraux Limitée,S,Payments to the Federal Bridge Corporation Limited pursuant to the  Public Health Events of National Concern Payments Act,2021-22 Main Estimates,0
R1A,The Federal Bridge Corporation Limited,La Société des ponts fédéraux Limitée,S,Payments to the Federal Bridge Corporation Limited pursuant to the  Public Health Events of National Concern Payments Act,2021-22 Estimates To Date,0
R1A,The Federal Bridge Corporation Limited,La Société des ponts fédéraux Limitée,S,Payments to the Federal Bridge Corporation Limited pursuant to the  Public Health Events of National Concern Payments Act,2022-23 Main Estimates,0
R1A,The Jacques-Cartier and Champlain Bridges Inc.,Les Ponts Jacques-Cartier et Champlain Inc.,1,Payments to the corporation,2020-21 Expenditures,232073141
R1A,The Jacques-Cartier and Champlain Bridges Inc.,Les Ponts Jacques-Cartier et Champlain Inc.,1,Payments to the corporation,2021-22 Main Estimates,325009620
R1A,The Jacques-Cartier and Champlain Bridges Inc.,Les Ponts Jacques-Cartier et Champlain Inc.,1,Payments to the corporation,2021-22 Estimates To Date,325009620
R1A,The Jacques-Cartier and Champlain Bridges Inc.,Les Ponts Jacques-Cartier et Champlain Inc.,1,Payments to the corporation,2022-23 Main Estimates,280004519
R1A,The National Battlefields Commission,Commission des champs de bataille nationaux,1,Program expenditures,2020-21 Expenditures,6552597
R1A,The National Battlefields Commission,Commission des champs de bataille nationaux,1,Program expenditures,2021-22 Main Estimates,6622665
R1A,The National Battlefields Commission,Commission des champs de bataille nationaux,1,Program expenditures,2021-22 Estimates To Date,6622665
R1A,The National Battlefields Commission,Commission des champs de bataille nationaux,1,Program expenditures,2022-23 Main Estimates,9127247
R1A,The National Battlefields Commission,Commission des champs de bataille nationaux,S,Contributions to employee benefit plans,2020-21 Expenditures,464737
R1A,The National Battlefields Commission,Commission des champs de bataille nationaux,S,Contributions to employee benefit plans,2021-22 Main Estimates,354054
R1A,The National Battlefields Commission,Commission des champs de bataille nationaux,S,Contributions to employee benefit plans,2021-22 Estimates To Date,354054
R1A,The National Battlefields Commission,Commission des champs de bataille nationaux,S,Contributions to employee benefit plans,2022-23 Main Estimates,733839
R1A,The National Battlefields Commission,Commission des champs de bataille nationaux,S,Expenditures pursuant to subsection 29.1(1) of the  Financial Administration Act,2020-21 Expenditures,1286499
R1A,The National Battlefields Commission,Commission des champs de bataille nationaux,S,Expenditures pursuant to subsection 29.1(1) of the  Financial Administration Act,2021-22 Main Estimates,2000000
R1A,The National Battlefields Commission,Commission des champs de bataille nationaux,S,Expenditures pursuant to subsection 29.1(1) of the  Financial Administration Act,2021-22 Estimates To Date,2000000
R1A,The National Battlefields Commission,Commission des champs de bataille nationaux,S,Expenditures pursuant to subsection 29.1(1) of the  Financial Administration Act,2022-23 Main Estimates,2000000
R1A,The National Battlefields Commission,Commission des champs de bataille nationaux,S,Payments to support Canadas national museums pursuant the to  Public Health Events of National Concern Payments Act,2020-21 Expenditures,1112328
R1A,The National Battlefields Commission,Commission des champs de bataille nationaux,S,Payments to support Canadas national museums pursuant the to  Public Health Events of National Concern Payments Act,2021-22 Main Estimates,0
R1A,The National Battlefields Commission,Commission des champs de bataille nationaux,S,Payments to support Canadas national museums pursuant the to  Public Health Events of National Concern Payments Act,2021-22 Estimates To Date,0
R1A,The National Battlefields Commission,Commission des champs de bataille nationaux,S,Payments to support Canadas national museums pursuant the to  Public Health Events of National Concern Payments Act,2022-23 Main Estimates,0
R1A,Treasury Board Secretariat,Secrétariat du Conseil du Trésor,1,Program expenditures,2020-21 Expenditures,304869575
R1A,Treasury Board Secretariat,Secrétariat du Conseil du Trésor,1,Program expenditures,2021-22 Main Estimates,281146231
R1A,Treasury Board Secretariat,Secrétariat du Conseil du Trésor,1,Program expenditures,2021-22 Estimates To Date,281146231
R1A,Treasury Board Secretariat,Secrétariat du Conseil du Trésor,1,Program expenditures,2022-23 Main Estimates,320060709
R1A,Treasury Board Secretariat,Secrétariat du Conseil du Trésor,5,Government Contingencies,2020-21 Expenditures,0
R1A,Treasury Board Secretariat,Secrétariat du Conseil du Trésor,5,Government Contingencies,2021-22 Main Estimates,750000000
R1A,Treasury Board Secretariat,Secrétariat du Conseil du Trésor,5,Government Contingencies,2021-22 Estimates To Date,750000000
R1A,Treasury Board Secretariat,Secrétariat du Conseil du Trésor,5,Government Contingencies,2022-23 Main Estimates,750000000
R1A,Treasury Board Secretariat,Secrétariat du Conseil du Trésor,10,Government-wide Initiatives,2020-21 Expenditures,0
R1A,Treasury Board Secretariat,Secrétariat du Conseil du Trésor,10,Government-wide Initiatives,2021-22 Main Estimates,111151120
R1A,Treasury Board Secretariat,Secrétariat du Conseil du Trésor,10,Government-wide Initiatives,2021-22 Estimates To Date,111151120
R1A,Treasury Board Secretariat,Secrétariat du Conseil du Trésor,10,Government-wide Initiatives,2022-23 Main Estimates,152305896
R1A,Treasury Board Secretariat,Secrétariat du Conseil du Trésor,20,Public Service Insurance,2020-21 Expenditures,2889612806
R1A,Treasury Board Secretariat,Secrétariat du Conseil du Trésor,20,Public Service Insurance,2021-22 Main Estimates,3048119626
R1A,Treasury Board Secretariat,Secrétariat du Conseil du Trésor,20,Public Service Insurance,2021-22 Estimates To Date,3048119626
R1A,Treasury Board Secretariat,Secrétariat du Conseil du Trésor,20,Public Service Insurance,2022-23 Main Estimates,3195856257
R1A,Treasury Board Secretariat,Secrétariat du Conseil du Trésor,25,Operating Budget Carry Forward,2020-21 Expenditures,0
R1A,Treasury Board Secretariat,Secrétariat du Conseil du Trésor,25,Operating Budget Carry Forward,2021-22 Main Estimates,1600000000
R1A,Treasury Board Secretariat,Secrétariat du Conseil du Trésor,25,Operating Budget Carry Forward,2021-22 Estimates To Date,1600000000
R1A,Treasury Board Secretariat,Secrétariat du Conseil du Trésor,25,Operating Budget Carry Forward,2022-23 Main Estimates,2100000000
R1A,Treasury Board Secretariat,Secrétariat du Conseil du Trésor,30,Paylist Requirements,2020-21 Expenditures,0
R1A,Treasury Board Secretariat,Secrétariat du Conseil du Trésor,30,Paylist Requirements,2021-22 Main Estimates,600000000
R1A,Treasury Board Secretariat,Secrétariat du Conseil du Trésor,30,Paylist Requirements,2021-22 Estimates To Date,600000000
R1A,Treasury Board Secretariat,Secrétariat du Conseil du Trésor,30,Paylist Requirements,2022-23 Main Estimates,600000000
R1A,Treasury Board Secretariat,Secrétariat du Conseil du Trésor,35,Capital Budget Carry Forward,2020-21 Expenditures,0
R1A,Treasury Board Secretariat,Secrétariat du Conseil du Trésor,35,Capital Budget Carry Forward,2021-22 Main Estimates,600000000
R1A,Treasury Board Secretariat,Secrétariat du Conseil du Trésor,35,Capital Budget Carry Forward,2021-22 Estimates To Date,600000000
R1A,Treasury Board Secretariat,Secrétariat du Conseil du Trésor,35,Capital Budget Carry Forward,2022-23 Main Estimates,700000000
R1A,Treasury Board Secretariat,Secrétariat du Conseil du Trésor,S,"Payments under the  Public Service Pension Adjustment Act  (R.S.C., 1970, c. P-33)",2020-21 Expenditures,7521
R1A,Treasury Board Secretariat,Secrétariat du Conseil du Trésor,S,"Payments under the  Public Service Pension Adjustment Act  (R.S.C., 1970, c. P-33)",2021-22 Main Estimates,0
R1A,Treasury Board Secretariat,Secrétariat du Conseil du Trésor,S,"Payments under the  Public Service Pension Adjustment Act  (R.S.C., 1970, c. P-33)",2021-22 Estimates To Date,0
R1A,Treasury Board Secretariat,Secrétariat du Conseil du Trésor,S,"Payments under the  Public Service Pension Adjustment Act  (R.S.C., 1970, c. P-33)",2022-23 Main Estimates,0
R1A,Treasury Board Secretariat,Secrétariat du Conseil du Trésor,S,Contributions to employee benefit plans,2020-21 Expenditures,36292936
R1A,Treasury Board Secretariat,Secrétariat du Conseil du Trésor,S,Contributions to employee benefit plans,2021-22 Main Estimates,31652476
R1A,Treasury Board Secretariat,Secrétariat du Conseil du Trésor,S,Contributions to employee benefit plans,2021-22 Estimates To Date,31652476
R1A,Treasury Board Secretariat,Secrétariat du Conseil du Trésor,S,Contributions to employee benefit plans,2022-23 Main Estimates,35340344
R1A,Treasury Board Secretariat,Secrétariat du Conseil du Trésor,S,President of the Treasury Board  Salary and motor car allowance ( Salaries Act  and  Parliament of Canada Act ),2020-21 Expenditures,89200
R1A,Treasury Board Secretariat,Secrétariat du Conseil du Trésor,S,President of the Treasury Board  Salary and motor car allowance ( Salaries Act  and  Parliament of Canada Act ),2021-22 Main Estimates,90500
R1A,Treasury Board Secretariat,Secrétariat du Conseil du Trésor,S,President of the Treasury Board  Salary and motor car allowance ( Salaries Act  and  Parliament of Canada Act ),2021-22 Estimates To Date,90500
R1A,Treasury Board Secretariat,Secrétariat du Conseil du Trésor,S,President of the Treasury Board  Salary and motor car allowance ( Salaries Act  and  Parliament of Canada Act ),2022-23 Main Estimates,92500
R1A,Treasury Board Secretariat,Secrétariat du Conseil du Trésor,S,Minister of State (Minister of Digital Government)  Motor car allowance ( Parliament of Canada Act ),2020-21 Expenditures,2000
R1A,Treasury Board Secretariat,Secrétariat du Conseil du Trésor,S,Minister of State (Minister of Digital Government)  Motor car allowance ( Parliament of Canada Act ),2021-22 Main Estimates,2000
R1A,Treasury Board Secretariat,Secrétariat du Conseil du Trésor,S,Minister of State (Minister of Digital Government)  Motor car allowance ( Parliament of Canada Act ),2021-22 Estimates To Date,2000
R1A,Treasury Board Secretariat,Secrétariat du Conseil du Trésor,S,Minister of State (Minister of Digital Government)  Motor car allowance ( Parliament of Canada Act ),2022-23 Main Estimates,0
R1A,Treasury Board Secretariat,Secrétariat du Conseil du Trésor,S,Employer contributions made under the  Public Service Superannuation Act  and other retirement acts and the  Employment Insurance Act,2020-21 Expenditures,-94302
R1A,Treasury Board Secretariat,Secrétariat du Conseil du Trésor,S,Employer contributions made under the  Public Service Superannuation Act  and other retirement acts and the  Employment Insurance Act,2021-22 Main Estimates,0
R1A,Treasury Board Secretariat,Secrétariat du Conseil du Trésor,S,Employer contributions made under the  Public Service Superannuation Act  and other retirement acts and the  Employment Insurance Act,2021-22 Estimates To Date,0
R1A,Treasury Board Secretariat,Secrétariat du Conseil du Trésor,S,Employer contributions made under the  Public Service Superannuation Act  and other retirement acts and the  Employment Insurance Act,2022-23 Main Estimates,0
R1A,VIA Rail Canada Inc.,VIA Rail Canada Inc.,1,Payments to the Corporation,2020-21 Expenditures,651558580
R1A,VIA Rail Canada Inc.,VIA Rail Canada Inc.,1,Payments to the Corporation,2021-22 Main Estimates,769779151
R1A,VIA Rail Canada Inc.,VIA Rail Canada Inc.,1,Payments to the Corporation,2021-22 Estimates To Date,769779151
R1A,VIA Rail Canada Inc.,VIA Rail Canada Inc.,1,Payments to the Corporation,2022-23 Main Estimates,980546235
R1A,Veterans Review and Appeal Board,Tribunal des anciens combattants (révision et appel),1,Program expenditures,2020-21 Expenditures,9255187
R1A,Veterans Review and Appeal Board,Tribunal des anciens combattants (révision et appel),1,Program expenditures,2021-22 Main Estimates,9884732
R1A,Veterans Review and Appeal Board,Tribunal des anciens combattants (révision et appel),1,Program expenditures,2021-22 Estimates To Date,9884732
R1A,Veterans Review and Appeal Board,Tribunal des anciens combattants (révision et appel),1,Program expenditures,2022-23 Main Estimates,9906136
R1A,Veterans Review and Appeal Board,Tribunal des anciens combattants (révision et appel),S,Contributions to employee benefit plans,2020-21 Expenditures,1250493
R1A,Veterans Review and Appeal Board,Tribunal des anciens combattants (révision et appel),S,Contributions to employee benefit plans,2021-22 Main Estimates,1330504
R1A,Veterans Review and Appeal Board,Tribunal des anciens combattants (révision et appel),S,Contributions to employee benefit plans,2021-22 Estimates To Date,1330504
R1A,Veterans Review and Appeal Board,Tribunal des anciens combattants (révision et appel),S,Contributions to employee benefit plans,2022-23 Main Estimates,1350518
R1A,Windsor-Detroit Bridge Authority,Autorité du pont Windsor-Détroit,1,Payments to the Authority,2020-21 Expenditures,440674062
R1A,Windsor-Detroit Bridge Authority,Autorité du pont Windsor-Détroit,1,Payments to the Authority,2021-22 Main Estimates,971574541
R1A,Windsor-Detroit Bridge Authority,Autorité du pont Windsor-Détroit,1,Payments to the Authority,2021-22 Estimates To Date,971574541
R1A,Windsor-Detroit Bridge Authority,Autorité du pont Windsor-Détroit,1,Payments to the Authority,2022-23 Main Estimates,961830406
